-4.60E+01	-2.97E+01	-2.01E+01	-1.11E+01
-4.60E+01	-2.74E+01	-2.82E+01	-1.41E+01
-4.60E+01	-2.25E+01	-3.08E+01	-1.23E+01
-4.60E+01	-1.99E+01	-3.13E+01	-1.09E+01
-4.60E+01	-1.73E+01	-3.16E+01	-9.47E+00
-4.60E+01	-1.45E+01	-3.18E+01	-7.95E+00
-4.60E+01	-1.17E+01	-3.20E+01	-6.39E+00
-4.60E+01	-8.83E+00	-3.21E+01	-4.81E+00
-4.60E+01	-5.91E+00	-3.21E+01	-3.21E+00
-4.60E+01	-2.96E+00	-3.22E+01	-1.61E+00
-4.60E+01	0.00E+00	-3.22E+01	0.00E+00
-4.60E+01	2.96E+00	-3.22E+01	1.61E+00
-4.60E+01	5.91E+00	-3.21E+01	3.21E+00
-4.60E+01	8.83E+00	-3.21E+01	4.81E+00
-4.60E+01	1.17E+01	-3.20E+01	6.39E+00
-4.60E+01	1.45E+01	-3.18E+01	7.95E+00
-4.60E+01	1.73E+01	-3.16E+01	9.47E+00
-4.60E+01	1.99E+01	-3.13E+01	1.09E+01
-4.60E+01	2.25E+01	-3.08E+01	1.23E+01
-4.60E+01	2.74E+01	-2.82E+01	1.41E+01
-4.60E+01	2.97E+01	-2.01E+01	1.11E+01
-4.45E+01	-3.19E+01	-2.60E+01	-1.64E+01
-4.45E+01	-2.74E+01	-2.93E+01	-1.54E+01
-4.45E+01	-2.50E+01	-2.99E+01	-1.41E+01
-4.45E+01	-2.25E+01	-3.02E+01	-1.27E+01
-4.45E+01	-1.99E+01	-3.04E+01	-1.12E+01
-4.45E+01	-1.73E+01	-3.06E+01	-9.67E+00
-4.45E+01	-1.45E+01	-3.08E+01	-8.10E+00
-4.45E+01	-1.17E+01	-3.09E+01	-6.50E+00
-4.45E+01	-8.83E+00	-3.09E+01	-4.89E+00
-4.45E+01	-5.91E+00	-3.10E+01	-3.26E+00
-4.45E+01	-2.96E+00	-3.10E+01	-1.63E+00
-4.45E+01	0.00E+00	-3.10E+01	0.00E+00
-4.45E+01	2.96E+00	-3.10E+01	1.63E+00
-4.45E+01	5.91E+00	-3.10E+01	3.26E+00
-4.45E+01	8.83E+00	-3.09E+01	4.89E+00
-4.45E+01	1.17E+01	-3.09E+01	6.50E+00
-4.45E+01	1.45E+01	-3.08E+01	8.10E+00
-4.45E+01	1.73E+01	-3.06E+01	9.67E+00
-4.45E+01	1.99E+01	-3.04E+01	1.12E+01
-4.45E+01	2.25E+01	-3.02E+01	1.27E+01
-4.45E+01	2.50E+01	-2.99E+01	1.41E+01
-4.45E+01	2.74E+01	-2.93E+01	1.54E+01
-4.45E+01	3.19E+01	-2.60E+01	1.64E+01
-4.30E+01	-3.59E+01	-2.15E+01	-1.67E+01
-4.30E+01	-3.39E+01	-2.62E+01	-1.89E+01
-4.30E+01	-3.19E+01	-2.76E+01	-1.84E+01
-4.30E+01	-2.97E+01	-2.82E+01	-1.73E+01
-4.30E+01	-2.74E+01	-2.86E+01	-1.59E+01
-4.30E+01	-2.50E+01	-2.89E+01	-1.45E+01
-4.30E+01	-2.25E+01	-2.91E+01	-1.29E+01
-4.30E+01	-1.99E+01	-2.93E+01	-1.14E+01
-4.30E+01	-1.73E+01	-2.94E+01	-9.81E+00
-4.30E+01	-1.45E+01	-2.95E+01	-8.20E+00
-4.30E+01	-1.17E+01	-2.96E+01	-6.58E+00
-4.30E+01	-8.83E+00	-2.97E+01	-4.95E+00
-4.30E+01	-5.91E+00	-2.98E+01	-3.31E+00
-4.30E+01	-2.96E+00	-2.98E+01	-1.65E+00
-4.30E+01	0.00E+00	-2.98E+01	0.00E+00
-4.30E+01	2.96E+00	-2.98E+01	1.65E+00
-4.30E+01	5.91E+00	-2.98E+01	3.31E+00
-4.30E+01	8.83E+00	-2.97E+01	4.95E+00
-4.30E+01	1.17E+01	-2.96E+01	6.58E+00
-4.30E+01	1.45E+01	-2.95E+01	8.20E+00
-4.30E+01	1.73E+01	-2.94E+01	9.81E+00
-4.30E+01	1.99E+01	-2.93E+01	1.14E+01
-4.30E+01	2.25E+01	-2.91E+01	1.29E+01
-4.30E+01	2.50E+01	-2.89E+01	1.45E+01
-4.30E+01	2.74E+01	-2.86E+01	1.59E+01
-4.30E+01	2.97E+01	-2.82E+01	1.73E+01
-4.30E+01	3.19E+01	-2.76E+01	1.84E+01
-4.30E+01	3.39E+01	-2.62E+01	1.89E+01
-4.30E+01	3.59E+01	-2.15E+01	1.67E+01
-4.14E+01	-3.78E+01	-2.18E+01	-1.92E+01
-4.14E+01	-3.39E+01	-2.63E+01	-2.01E+01
-4.14E+01	-3.19E+01	-2.69E+01	-1.90E+01
-4.14E+01	-2.97E+01	-2.72E+01	-1.76E+01
-4.14E+01	-2.74E+01	-2.75E+01	-1.62E+01
-4.14E+01	-2.50E+01	-2.77E+01	-1.47E+01
-4.14E+01	-2.25E+01	-2.79E+01	-1.31E+01
-4.14E+01	-1.99E+01	-2.80E+01	-1.15E+01
-4.14E+01	-1.73E+01	-2.81E+01	-9.93E+00
-4.14E+01	-1.45E+01	-2.82E+01	-8.31E+00
-4.14E+01	-1.17E+01	-2.83E+01	-6.67E+00
-4.14E+01	-8.83E+00	-2.84E+01	-5.02E+00
-4.14E+01	-5.91E+00	-2.85E+01	-3.35E+00
-4.14E+01	-2.96E+00	-2.85E+01	-1.68E+00
-4.14E+01	0.00E+00	-2.85E+01	0.00E+00
-4.14E+01	2.96E+00	-2.85E+01	1.68E+00
-4.14E+01	5.91E+00	-2.85E+01	3.35E+00
-4.14E+01	8.83E+00	-2.84E+01	5.02E+00
-4.14E+01	1.17E+01	-2.83E+01	6.67E+00
-4.14E+01	1.45E+01	-2.82E+01	8.31E+00
-4.14E+01	1.73E+01	-2.81E+01	9.93E+00
-4.14E+01	1.99E+01	-2.80E+01	1.15E+01
-4.14E+01	2.25E+01	-2.79E+01	1.31E+01
-4.14E+01	2.50E+01	-2.77E+01	1.47E+01
-4.14E+01	2.74E+01	-2.75E+01	1.62E+01
-4.14E+01	2.97E+01	-2.72E+01	1.76E+01
-4.14E+01	3.19E+01	-2.69E+01	1.90E+01
-4.14E+01	3.39E+01	-2.63E+01	2.01E+01
-4.14E+01	3.78E+01	-2.18E+01	1.92E+01
-3.96E+01	-4.14E+01	-1.89E+01	-2.01E+01
-3.96E+01	-3.96E+01	-2.08E+01	-2.08E+01
-3.96E+01	-3.59E+01	-2.49E+01	-2.18E+01
-3.96E+01	-3.39E+01	-2.54E+01	-2.07E+01
-3.96E+01	-3.19E+01	-2.58E+01	-1.93E+01
-3.96E+01	-2.97E+01	-2.60E+01	-1.79E+01
-3.96E+01	-2.74E+01	-2.62E+01	-1.64E+01
-3.96E+01	-2.50E+01	-2.64E+01	-1.48E+01
-3.96E+01	-2.25E+01	-2.65E+01	-1.33E+01
-3.96E+01	-1.99E+01	-2.67E+01	-1.17E+01
-3.96E+01	-1.73E+01	-2.68E+01	-1.01E+01
-3.96E+01	-1.45E+01	-2.70E+01	-8.42E+00
-3.96E+01	-1.17E+01	-2.71E+01	-6.77E+00
-3.96E+01	-8.83E+00	-2.72E+01	-5.10E+00
-3.96E+01	-5.91E+00	-2.72E+01	-3.41E+00
-3.96E+01	-2.96E+00	-2.73E+01	-1.71E+00
-3.96E+01	0.00E+00	-2.73E+01	0.00E+00
-3.96E+01	2.96E+00	-2.73E+01	1.71E+00
-3.96E+01	5.91E+00	-2.72E+01	3.41E+00
-3.96E+01	8.83E+00	-2.72E+01	5.10E+00
-3.96E+01	1.17E+01	-2.71E+01	6.77E+00
-3.96E+01	1.45E+01	-2.70E+01	8.42E+00
-3.96E+01	1.73E+01	-2.68E+01	1.01E+01
-3.96E+01	1.99E+01	-2.67E+01	1.17E+01
-3.96E+01	2.25E+01	-2.65E+01	1.33E+01
-3.96E+01	2.50E+01	-2.64E+01	1.48E+01
-3.96E+01	2.74E+01	-2.62E+01	1.64E+01
-3.96E+01	2.97E+01	-2.60E+01	1.79E+01
-3.96E+01	3.19E+01	-2.58E+01	1.93E+01
-3.96E+01	3.39E+01	-2.54E+01	2.07E+01
-3.96E+01	3.59E+01	-2.49E+01	2.18E+01
-3.96E+01	3.96E+01	-2.08E+01	2.08E+01
-3.96E+01	4.14E+01	-1.89E+01	2.01E+01
-3.78E+01	-4.30E+01	-1.61E+01	-1.94E+01
-3.78E+01	-4.14E+01	-2.16E+01	-2.45E+01
-3.78E+01	-3.78E+01	-2.34E+01	-2.34E+01
-3.78E+01	-3.59E+01	-2.39E+01	-2.23E+01
-3.78E+01	-3.39E+01	-2.42E+01	-2.10E+01
-3.78E+01	-3.19E+01	-2.44E+01	-1.96E+01
-3.78E+01	-2.97E+01	-2.46E+01	-1.81E+01
-3.78E+01	-2.74E+01	-2.48E+01	-1.65E+01
-3.78E+01	-2.50E+01	-2.50E+01	-1.50E+01
-3.78E+01	-2.25E+01	-2.52E+01	-1.34E+01
-3.78E+01	-1.99E+01	-2.54E+01	-1.18E+01
-3.78E+01	-1.73E+01	-2.55E+01	-1.02E+01
-3.78E+01	-1.45E+01	-2.57E+01	-8.56E+00
-3.78E+01	-1.17E+01	-2.58E+01	-6.89E+00
-3.78E+01	-8.83E+00	-2.60E+01	-5.19E+00
-3.78E+01	-5.91E+00	-2.60E+01	-3.47E+00
-3.78E+01	-2.96E+00	-2.61E+01	-1.74E+00
-3.78E+01	0.00E+00	-2.61E+01	0.00E+00
-3.78E+01	2.96E+00	-2.61E+01	1.74E+00
-3.78E+01	5.91E+00	-2.60E+01	3.47E+00
-3.78E+01	8.83E+00	-2.60E+01	5.19E+00
-3.78E+01	1.17E+01	-2.58E+01	6.89E+00
-3.78E+01	1.45E+01	-2.57E+01	8.56E+00
-3.78E+01	1.73E+01	-2.55E+01	1.02E+01
-3.78E+01	1.99E+01	-2.54E+01	1.18E+01
-3.78E+01	2.25E+01	-2.52E+01	1.34E+01
-3.78E+01	2.50E+01	-2.50E+01	1.50E+01
-3.78E+01	2.74E+01	-2.48E+01	1.65E+01
-3.78E+01	2.97E+01	-2.46E+01	1.81E+01
-3.78E+01	3.19E+01	-2.44E+01	1.96E+01
-3.78E+01	3.39E+01	-2.42E+01	2.10E+01
-3.78E+01	3.59E+01	-2.39E+01	2.23E+01
-3.78E+01	3.78E+01	-2.34E+01	2.34E+01
-3.78E+01	4.14E+01	-2.16E+01	2.45E+01
-3.78E+01	4.30E+01	-1.61E+01	1.94E+01
-3.59E+01	-4.30E+01	-1.98E+01	-2.55E+01
-3.59E+01	-4.14E+01	-2.13E+01	-2.59E+01
-3.59E+01	-3.96E+01	-2.18E+01	-2.49E+01
-3.59E+01	-3.78E+01	-2.23E+01	-2.39E+01
-3.59E+01	-3.59E+01	-2.26E+01	-2.26E+01
-3.59E+01	-3.39E+01	-2.28E+01	-2.12E+01
-3.59E+01	-3.19E+01	-2.30E+01	-1.98E+01
-3.59E+01	-2.97E+01	-2.32E+01	-1.83E+01
-3.59E+01	-2.74E+01	-2.34E+01	-1.67E+01
-3.59E+01	-2.50E+01	-2.36E+01	-1.52E+01
-3.59E+01	-2.25E+01	-2.38E+01	-1.36E+01
-3.59E+01	-1.99E+01	-2.41E+01	-1.20E+01
-3.59E+01	-1.73E+01	-2.43E+01	-1.04E+01
-3.59E+01	-1.45E+01	-2.44E+01	-8.73E+00
-3.59E+01	-1.17E+01	-2.46E+01	-7.03E+00
-3.59E+01	-8.83E+00	-2.47E+01	-5.30E+00
-3.59E+01	-5.91E+00	-2.48E+01	-3.55E+00
-3.59E+01	-2.96E+00	-2.49E+01	-1.78E+00
-3.59E+01	0.00E+00	-2.49E+01	0.00E+00
-3.59E+01	2.96E+00	-2.49E+01	1.78E+00
-3.59E+01	5.91E+00	-2.48E+01	3.55E+00
-3.59E+01	8.83E+00	-2.47E+01	5.30E+00
-3.59E+01	1.17E+01	-2.46E+01	7.03E+00
-3.59E+01	1.45E+01	-2.44E+01	8.73E+00
-3.59E+01	1.73E+01	-2.43E+01	1.04E+01
-3.59E+01	1.99E+01	-2.41E+01	1.20E+01
-3.59E+01	2.25E+01	-2.38E+01	1.36E+01
-3.59E+01	2.50E+01	-2.36E+01	1.52E+01
-3.59E+01	2.74E+01	-2.34E+01	1.67E+01
-3.59E+01	2.97E+01	-2.32E+01	1.83E+01
-3.59E+01	3.19E+01	-2.30E+01	1.98E+01
-3.59E+01	3.39E+01	-2.28E+01	2.12E+01
-3.59E+01	3.59E+01	-2.26E+01	2.26E+01
-3.59E+01	3.78E+01	-2.23E+01	2.39E+01
-3.59E+01	3.96E+01	-2.18E+01	2.49E+01
-3.59E+01	4.14E+01	-2.13E+01	2.59E+01
-3.59E+01	4.30E+01	-1.98E+01	2.55E+01
-3.39E+01	-4.45E+01	-1.75E+01	-2.57E+01
-3.39E+01	-4.30E+01	-1.96E+01	-2.72E+01
-3.39E+01	-4.14E+01	-2.03E+01	-2.66E+01
-3.39E+01	-3.96E+01	-2.07E+01	-2.54E+01
-3.39E+01	-3.78E+01	-2.10E+01	-2.42E+01
-3.39E+01	-3.59E+01	-2.12E+01	-2.28E+01
-3.39E+01	-3.39E+01	-2.14E+01	-2.14E+01
-3.39E+01	-3.19E+01	-2.16E+01	-1.99E+01
-3.39E+01	-2.97E+01	-2.18E+01	-1.85E+01
-3.39E+01	-2.74E+01	-2.20E+01	-1.69E+01
-3.39E+01	-2.50E+01	-2.23E+01	-1.54E+01
-3.39E+01	-2.25E+01	-2.25E+01	-1.39E+01
-3.39E+01	-1.99E+01	-2.28E+01	-1.23E+01
-3.39E+01	-1.73E+01	-2.30E+01	-1.06E+01
-3.39E+01	-1.45E+01	-2.32E+01	-8.91E+00
-3.39E+01	-1.17E+01	-2.33E+01	-7.18E+00
-3.39E+01	-8.83E+00	-2.35E+01	-5.42E+00
-3.39E+01	-5.91E+00	-2.36E+01	-3.63E+00
-3.39E+01	-2.96E+00	-2.36E+01	-1.82E+00
-3.39E+01	0.00E+00	-2.37E+01	0.00E+00
-3.39E+01	2.96E+00	-2.36E+01	1.82E+00
-3.39E+01	5.91E+00	-2.36E+01	3.63E+00
-3.39E+01	8.83E+00	-2.35E+01	5.42E+00
-3.39E+01	1.17E+01	-2.33E+01	7.18E+00
-3.39E+01	1.45E+01	-2.32E+01	8.91E+00
-3.39E+01	1.73E+01	-2.30E+01	1.06E+01
-3.39E+01	1.99E+01	-2.28E+01	1.23E+01
-3.39E+01	2.25E+01	-2.25E+01	1.39E+01
-3.39E+01	2.50E+01	-2.23E+01	1.54E+01
-3.39E+01	2.74E+01	-2.20E+01	1.69E+01
-3.39E+01	2.97E+01	-2.18E+01	1.85E+01
-3.39E+01	3.19E+01	-2.16E+01	1.99E+01
-3.39E+01	3.39E+01	-2.14E+01	2.14E+01
-3.39E+01	3.59E+01	-2.12E+01	2.28E+01
-3.39E+01	3.78E+01	-2.10E+01	2.42E+01
-3.39E+01	3.96E+01	-2.07E+01	2.54E+01
-3.39E+01	4.14E+01	-2.03E+01	2.66E+01
-3.39E+01	4.30E+01	-1.96E+01	2.72E+01
-3.39E+01	4.45E+01	-1.75E+01	2.57E+01
-3.19E+01	-4.60E+01	-1.46E+01	-2.44E+01
-3.19E+01	-4.30E+01	-1.86E+01	-2.79E+01
-3.19E+01	-4.14E+01	-1.90E+01	-2.70E+01
-3.19E+01	-3.96E+01	-1.93E+01	-2.58E+01
-3.19E+01	-3.78E+01	-1.96E+01	-2.44E+01
-3.19E+01	-3.59E+01	-1.98E+01	-2.30E+01
-3.19E+01	-3.39E+01	-1.99E+01	-2.16E+01
-3.19E+01	-3.19E+01	-2.02E+01	-2.02E+01
-3.19E+01	-2.97E+01	-2.04E+01	-1.87E+01
-3.19E+01	-2.74E+01	-2.06E+01	-1.72E+01
-3.19E+01	-2.50E+01	-2.09E+01	-1.57E+01
-3.19E+01	-2.25E+01	-2.12E+01	-1.41E+01
-3.19E+01	-1.99E+01	-2.14E+01	-1.25E+01
-3.19E+01	-1.73E+01	-2.16E+01	-1.08E+01
-3.19E+01	-1.45E+01	-2.18E+01	-9.10E+00
-3.19E+01	-1.17E+01	-2.20E+01	-7.34E+00
-3.19E+01	-8.83E+00	-2.22E+01	-5.54E+00
-3.19E+01	-5.91E+00	-2.22E+01	-3.71E+00
-3.19E+01	-2.96E+00	-2.23E+01	-1.86E+00
-3.19E+01	0.00E+00	-2.23E+01	0.00E+00
-3.19E+01	2.96E+00	-2.23E+01	1.86E+00
-3.19E+01	5.91E+00	-2.22E+01	3.71E+00
-3.19E+01	8.83E+00	-2.22E+01	5.54E+00
-3.19E+01	1.17E+01	-2.20E+01	7.34E+00
-3.19E+01	1.45E+01	-2.18E+01	9.10E+00
-3.19E+01	1.73E+01	-2.16E+01	1.08E+01
-3.19E+01	1.99E+01	-2.14E+01	1.25E+01
-3.19E+01	2.25E+01	-2.12E+01	1.41E+01
-3.19E+01	2.50E+01	-2.09E+01	1.57E+01
-3.19E+01	2.74E+01	-2.06E+01	1.72E+01
-3.19E+01	2.97E+01	-2.04E+01	1.87E+01
-3.19E+01	3.19E+01	-2.02E+01	2.02E+01
-3.19E+01	3.39E+01	-1.99E+01	2.16E+01
-3.19E+01	3.59E+01	-1.98E+01	2.30E+01
-3.19E+01	3.78E+01	-1.96E+01	2.44E+01
-3.19E+01	3.96E+01	-1.93E+01	2.58E+01
-3.19E+01	4.14E+01	-1.90E+01	2.70E+01
-3.19E+01	4.30E+01	-1.86E+01	2.79E+01
-3.19E+01	4.60E+01	-1.46E+01	2.44E+01
-2.97E+01	-4.60E+01	-1.56E+01	-2.84E+01
-2.97E+01	-4.45E+01	-1.68E+01	-2.91E+01
-2.97E+01	-4.30E+01	-1.73E+01	-2.84E+01
-2.97E+01	-4.14E+01	-1.76E+01	-2.73E+01
-2.97E+01	-3.96E+01	-1.79E+01	-2.60E+01
-2.97E+01	-3.78E+01	-1.81E+01	-2.46E+01
-2.97E+01	-3.59E+01	-1.83E+01	-2.32E+01
-2.97E+01	-3.39E+01	-1.85E+01	-2.18E+01
-2.97E+01	-3.19E+01	-1.87E+01	-2.04E+01
-2.97E+01	-2.97E+01	-1.89E+01	-1.89E+01
-2.97E+01	-2.74E+01	-1.92E+01	-1.75E+01
-2.97E+01	-2.50E+01	-1.95E+01	-1.59E+01
-2.97E+01	-2.25E+01	-1.98E+01	-1.44E+01
-2.97E+01	-1.99E+01	-2.00E+01	-1.27E+01
-2.97E+01	-1.73E+01	-2.02E+01	-1.10E+01
-2.97E+01	-1.45E+01	-2.04E+01	-9.29E+00
-2.97E+01	-1.17E+01	-2.06E+01	-7.49E+00
-2.97E+01	-8.83E+00	-2.07E+01	-5.65E+00
-2.97E+01	-5.91E+00	-2.08E+01	-3.79E+00
-2.97E+01	-2.96E+00	-2.09E+01	-1.90E+00
-2.97E+01	0.00E+00	-2.09E+01	0.00E+00
-2.97E+01	2.96E+00	-2.09E+01	1.90E+00
-2.97E+01	5.91E+00	-2.08E+01	3.79E+00
-2.97E+01	8.83E+00	-2.07E+01	5.65E+00
-2.97E+01	1.17E+01	-2.06E+01	7.49E+00
-2.97E+01	1.45E+01	-2.04E+01	9.29E+00
-2.97E+01	1.73E+01	-2.02E+01	1.10E+01
-2.97E+01	1.99E+01	-2.00E+01	1.27E+01
-2.97E+01	2.25E+01	-1.98E+01	1.44E+01
-2.97E+01	2.50E+01	-1.95E+01	1.59E+01
-2.97E+01	2.74E+01	-1.92E+01	1.75E+01
-2.97E+01	2.97E+01	-1.89E+01	1.89E+01
-2.97E+01	3.19E+01	-1.87E+01	2.04E+01
-2.97E+01	3.39E+01	-1.85E+01	2.18E+01
-2.97E+01	3.59E+01	-1.83E+01	2.32E+01
-2.97E+01	3.78E+01	-1.81E+01	2.46E+01
-2.97E+01	3.96E+01	-1.79E+01	2.60E+01
-2.97E+01	4.14E+01	-1.76E+01	2.73E+01
-2.97E+01	4.30E+01	-1.73E+01	2.84E+01
-2.97E+01	4.45E+01	-1.68E+01	2.91E+01
-2.97E+01	4.60E+01	-1.56E+01	2.84E+01
-2.74E+01	-4.60E+01	-1.39E+01	-2.78E+01
-2.74E+01	-4.45E+01	-1.56E+01	-2.97E+01
-2.74E+01	-4.30E+01	-1.59E+01	-2.87E+01
-2.74E+01	-4.14E+01	-1.62E+01	-2.75E+01
-2.74E+01	-3.96E+01	-1.64E+01	-2.62E+01
-2.74E+01	-3.78E+01	-1.65E+01	-2.48E+01
-2.74E+01	-3.59E+01	-1.67E+01	-2.34E+01
-2.74E+01	-3.39E+01	-1.69E+01	-2.20E+01
-2.74E+01	-3.19E+01	-1.72E+01	-2.06E+01
-2.74E+01	-2.97E+01	-1.75E+01	-1.92E+01
-2.74E+01	-2.74E+01	-1.77E+01	-1.77E+01
-2.74E+01	-2.50E+01	-1.80E+01	-1.62E+01
-2.74E+01	-2.25E+01	-1.83E+01	-1.46E+01
-2.74E+01	-1.99E+01	-1.85E+01	-1.30E+01
-2.74E+01	-1.73E+01	-1.87E+01	-1.12E+01
-2.74E+01	-1.45E+01	-1.89E+01	-9.46E+00
-2.74E+01	-1.17E+01	-1.91E+01	-7.63E+00
-2.74E+01	-8.83E+00	-1.92E+01	-5.76E+00
-2.74E+01	-5.91E+00	-1.93E+01	-3.86E+00
-2.74E+01	-2.96E+00	-1.94E+01	-1.94E+00
-2.74E+01	0.00E+00	-1.94E+01	0.00E+00
-2.74E+01	2.96E+00	-1.94E+01	1.94E+00
-2.74E+01	5.91E+00	-1.93E+01	3.86E+00
-2.74E+01	8.83E+00	-1.92E+01	5.76E+00
-2.74E+01	1.17E+01	-1.91E+01	7.63E+00
-2.74E+01	1.45E+01	-1.89E+01	9.46E+00
-2.74E+01	1.73E+01	-1.87E+01	1.12E+01
-2.74E+01	1.99E+01	-1.85E+01	1.30E+01
-2.74E+01	2.25E+01	-1.83E+01	1.46E+01
-2.74E+01	2.50E+01	-1.80E+01	1.62E+01
-2.74E+01	2.74E+01	-1.77E+01	1.77E+01
-2.74E+01	2.97E+01	-1.75E+01	1.92E+01
-2.74E+01	3.19E+01	-1.72E+01	2.06E+01
-2.74E+01	3.39E+01	-1.69E+01	2.20E+01
-2.74E+01	3.59E+01	-1.67E+01	2.34E+01
-2.74E+01	3.78E+01	-1.65E+01	2.48E+01
-2.74E+01	3.96E+01	-1.64E+01	2.62E+01
-2.74E+01	4.14E+01	-1.62E+01	2.75E+01
-2.74E+01	4.30E+01	-1.59E+01	2.87E+01
-2.74E+01	4.45E+01	-1.56E+01	2.97E+01
-2.74E+01	4.60E+01	-1.39E+01	2.78E+01
-2.50E+01	-4.60E+01	-1.38E+01	-3.07E+01
-2.50E+01	-4.45E+01	-1.42E+01	-3.00E+01
-2.50E+01	-4.30E+01	-1.45E+01	-2.89E+01
-2.50E+01	-4.14E+01	-1.46E+01	-2.76E+01
-2.50E+01	-3.96E+01	-1.48E+01	-2.64E+01
-2.50E+01	-3.78E+01	-1.50E+01	-2.50E+01
-2.50E+01	-3.59E+01	-1.52E+01	-2.36E+01
-2.50E+01	-3.39E+01	-1.54E+01	-2.23E+01
-2.50E+01	-3.19E+01	-1.57E+01	-2.09E+01
-2.50E+01	-2.97E+01	-1.59E+01	-1.95E+01
-2.50E+01	-2.74E+01	-1.62E+01	-1.80E+01
-2.50E+01	-2.50E+01	-1.65E+01	-1.65E+01
-2.50E+01	-2.25E+01	-1.67E+01	-1.49E+01
-2.50E+01	-1.99E+01	-1.70E+01	-1.32E+01
-2.50E+01	-1.73E+01	-1.72E+01	-1.14E+01
-2.50E+01	-1.45E+01	-1.73E+01	-9.64E+00
-2.50E+01	-1.17E+01	-1.75E+01	-7.78E+00
-2.50E+01	-8.83E+00	-1.76E+01	-5.88E+00
-2.50E+01	-5.91E+00	-1.77E+01	-3.94E+00
-2.50E+01	-2.96E+00	-1.78E+01	-1.98E+00
-2.50E+01	0.00E+00	-1.78E+01	0.00E+00
-2.50E+01	2.96E+00	-1.78E+01	1.98E+00
-2.50E+01	5.91E+00	-1.77E+01	3.94E+00
-2.50E+01	8.83E+00	-1.76E+01	5.88E+00
-2.50E+01	1.17E+01	-1.75E+01	7.78E+00
-2.50E+01	1.45E+01	-1.73E+01	9.64E+00
-2.50E+01	1.73E+01	-1.72E+01	1.14E+01
-2.50E+01	1.99E+01	-1.70E+01	1.32E+01
-2.50E+01	2.25E+01	-1.67E+01	1.49E+01
-2.50E+01	2.50E+01	-1.65E+01	1.65E+01
-2.50E+01	2.74E+01	-1.62E+01	1.80E+01
-2.50E+01	2.97E+01	-1.59E+01	1.95E+01
-2.50E+01	3.19E+01	-1.57E+01	2.09E+01
-2.50E+01	3.39E+01	-1.54E+01	2.23E+01
-2.50E+01	3.59E+01	-1.52E+01	2.36E+01
-2.50E+01	3.78E+01	-1.50E+01	2.50E+01
-2.50E+01	3.96E+01	-1.48E+01	2.64E+01
-2.50E+01	4.14E+01	-1.46E+01	2.76E+01
-2.50E+01	4.30E+01	-1.45E+01	2.89E+01
-2.50E+01	4.45E+01	-1.42E+01	3.00E+01
-2.50E+01	4.60E+01	-1.38E+01	3.07E+01
-2.25E+01	-4.60E+01	-1.25E+01	-3.12E+01
-2.25E+01	-4.45E+01	-1.27E+01	-3.03E+01
-2.25E+01	-4.30E+01	-1.29E+01	-2.91E+01
-2.25E+01	-4.14E+01	-1.31E+01	-2.78E+01
-2.25E+01	-3.96E+01	-1.33E+01	-2.65E+01
-2.25E+01	-3.78E+01	-1.34E+01	-2.52E+01
-2.25E+01	-3.59E+01	-1.36E+01	-2.38E+01
-2.25E+01	-3.39E+01	-1.39E+01	-2.25E+01
-2.25E+01	-3.19E+01	-1.41E+01	-2.12E+01
-2.25E+01	-2.97E+01	-1.44E+01	-1.98E+01
-2.25E+01	-2.74E+01	-1.46E+01	-1.83E+01
-2.25E+01	-2.50E+01	-1.49E+01	-1.67E+01
-2.25E+01	-2.25E+01	-1.51E+01	-1.51E+01
-2.25E+01	-1.99E+01	-1.53E+01	-1.34E+01
-2.25E+01	-1.73E+01	-1.55E+01	-1.16E+01
-2.25E+01	-1.45E+01	-1.57E+01	-9.81E+00
-2.25E+01	-1.17E+01	-1.59E+01	-7.93E+00
-2.25E+01	-8.83E+00	-1.60E+01	-6.00E+00
-2.25E+01	-5.91E+00	-1.61E+01	-4.03E+00
-2.25E+01	-2.96E+00	-1.62E+01	-2.02E+00
-2.25E+01	0.00E+00	-1.62E+01	0.00E+00
-2.25E+01	2.96E+00	-1.62E+01	2.02E+00
-2.25E+01	5.91E+00	-1.61E+01	4.03E+00
-2.25E+01	8.83E+00	-1.60E+01	6.00E+00
-2.25E+01	1.17E+01	-1.59E+01	7.93E+00
-2.25E+01	1.45E+01	-1.57E+01	9.81E+00
-2.25E+01	1.73E+01	-1.55E+01	1.16E+01
-2.25E+01	1.99E+01	-1.53E+01	1.34E+01
-2.25E+01	2.25E+01	-1.51E+01	1.51E+01
-2.25E+01	2.50E+01	-1.49E+01	1.67E+01
-2.25E+01	2.74E+01	-1.46E+01	1.83E+01
-2.25E+01	2.97E+01	-1.44E+01	1.98E+01
-2.25E+01	3.19E+01	-1.41E+01	2.12E+01
-2.25E+01	3.39E+01	-1.39E+01	2.25E+01
-2.25E+01	3.59E+01	-1.36E+01	2.38E+01
-2.25E+01	3.78E+01	-1.34E+01	2.52E+01
-2.25E+01	3.96E+01	-1.33E+01	2.65E+01
-2.25E+01	4.14E+01	-1.31E+01	2.78E+01
-2.25E+01	4.30E+01	-1.29E+01	2.91E+01
-2.25E+01	4.45E+01	-1.27E+01	3.03E+01
-2.25E+01	4.60E+01	-1.25E+01	3.12E+01
-1.99E+01	-4.60E+01	-1.10E+01	-3.15E+01
-1.99E+01	-4.45E+01	-1.12E+01	-3.05E+01
-1.99E+01	-4.30E+01	-1.14E+01	-2.92E+01
-1.99E+01	-4.14E+01	-1.15E+01	-2.79E+01
-1.99E+01	-3.96E+01	-1.17E+01	-2.67E+01
-1.99E+01	-3.78E+01	-1.18E+01	-2.54E+01
-1.99E+01	-3.59E+01	-1.20E+01	-2.41E+01
-1.99E+01	-3.39E+01	-1.23E+01	-2.28E+01
-1.99E+01	-3.19E+01	-1.25E+01	-2.14E+01
-1.99E+01	-2.97E+01	-1.27E+01	-2.00E+01
-1.99E+01	-2.74E+01	-1.30E+01	-1.85E+01
-1.99E+01	-2.50E+01	-1.32E+01	-1.70E+01
-1.99E+01	-2.25E+01	-1.34E+01	-1.53E+01
-1.99E+01	-1.99E+01	-1.36E+01	-1.36E+01
-1.99E+01	-1.73E+01	-1.38E+01	-1.18E+01
-1.99E+01	-1.45E+01	-1.40E+01	-9.99E+00
-1.99E+01	-1.17E+01	-1.42E+01	-8.09E+00
-1.99E+01	-8.83E+00	-1.43E+01	-6.13E+00
-1.99E+01	-5.91E+00	-1.44E+01	-4.11E+00
-1.99E+01	-2.96E+00	-1.44E+01	-2.06E+00
-1.99E+01	0.00E+00	-1.44E+01	0.00E+00
-1.99E+01	2.96E+00	-1.44E+01	2.06E+00
-1.99E+01	5.91E+00	-1.44E+01	4.11E+00
-1.99E+01	8.83E+00	-1.43E+01	6.13E+00
-1.99E+01	1.17E+01	-1.42E+01	8.09E+00
-1.99E+01	1.45E+01	-1.40E+01	9.99E+00
-1.99E+01	1.73E+01	-1.38E+01	1.18E+01
-1.99E+01	1.99E+01	-1.36E+01	1.36E+01
-1.99E+01	2.25E+01	-1.34E+01	1.53E+01
-1.99E+01	2.50E+01	-1.32E+01	1.70E+01
-1.99E+01	2.74E+01	-1.30E+01	1.85E+01
-1.99E+01	2.97E+01	-1.27E+01	2.00E+01
-1.99E+01	3.19E+01	-1.25E+01	2.14E+01
-1.99E+01	3.39E+01	-1.23E+01	2.28E+01
-1.99E+01	3.59E+01	-1.20E+01	2.41E+01
-1.99E+01	3.78E+01	-1.18E+01	2.54E+01
-1.99E+01	3.96E+01	-1.17E+01	2.67E+01
-1.99E+01	4.14E+01	-1.15E+01	2.79E+01
-1.99E+01	4.30E+01	-1.14E+01	2.92E+01
-1.99E+01	4.45E+01	-1.12E+01	3.05E+01
-1.99E+01	4.60E+01	-1.10E+01	3.15E+01
-1.73E+01	-4.60E+01	-9.51E+00	-3.17E+01
-1.73E+01	-4.45E+01	-9.66E+00	-3.06E+01
-1.73E+01	-4.30E+01	-9.78E+00	-2.94E+01
-1.73E+01	-4.14E+01	-9.90E+00	-2.80E+01
-1.73E+01	-3.96E+01	-1.01E+01	-2.68E+01
-1.73E+01	-3.78E+01	-1.02E+01	-2.55E+01
-1.73E+01	-3.59E+01	-1.04E+01	-2.43E+01
-1.73E+01	-3.39E+01	-1.06E+01	-2.30E+01
-1.73E+01	-3.19E+01	-1.08E+01	-2.16E+01
-1.73E+01	-2.97E+01	-1.10E+01	-2.02E+01
-1.73E+01	-2.74E+01	-1.12E+01	-1.87E+01
-1.73E+01	-2.50E+01	-1.14E+01	-1.72E+01
-1.73E+01	-2.25E+01	-1.16E+01	-1.55E+01
-1.73E+01	-1.99E+01	-1.18E+01	-1.38E+01
-1.73E+01	-1.73E+01	-1.20E+01	-1.20E+01
-1.73E+01	-1.45E+01	-1.22E+01	-1.02E+01
-1.73E+01	-1.17E+01	-1.23E+01	-8.22E+00
-1.73E+01	-8.83E+00	-1.24E+01	-6.20E+00
-1.73E+01	-5.91E+00	-1.24E+01	-4.14E+00
-1.73E+01	-2.96E+00	-1.24E+01	-2.07E+00
-1.73E+01	0.00E+00	-1.24E+01	0.00E+00
-1.73E+01	2.96E+00	-1.24E+01	2.07E+00
-1.73E+01	5.91E+00	-1.24E+01	4.14E+00
-1.73E+01	8.83E+00	-1.24E+01	6.20E+00
-1.73E+01	1.17E+01	-1.23E+01	8.22E+00
-1.73E+01	1.45E+01	-1.22E+01	1.02E+01
-1.73E+01	1.73E+01	-1.20E+01	1.20E+01
-1.73E+01	1.99E+01	-1.18E+01	1.38E+01
-1.73E+01	2.25E+01	-1.16E+01	1.55E+01
-1.73E+01	2.50E+01	-1.14E+01	1.72E+01
-1.73E+01	2.74E+01	-1.12E+01	1.87E+01
-1.73E+01	2.97E+01	-1.10E+01	2.02E+01
-1.73E+01	3.19E+01	-1.08E+01	2.16E+01
-1.73E+01	3.39E+01	-1.06E+01	2.30E+01
-1.73E+01	3.59E+01	-1.04E+01	2.43E+01
-1.73E+01	3.78E+01	-1.02E+01	2.55E+01
-1.73E+01	3.96E+01	-1.01E+01	2.68E+01
-1.73E+01	4.14E+01	-9.90E+00	2.80E+01
-1.73E+01	4.30E+01	-9.78E+00	2.94E+01
-1.73E+01	4.45E+01	-9.66E+00	3.06E+01
-1.73E+01	4.60E+01	-9.51E+00	3.17E+01
-1.45E+01	-4.60E+01	-7.96E+00	-3.19E+01
-1.45E+01	-4.45E+01	-8.08E+00	-3.07E+01
-1.45E+01	-4.30E+01	-8.18E+00	-2.95E+01
-1.45E+01	-4.14E+01	-8.28E+00	-2.82E+01
-1.45E+01	-3.96E+01	-8.42E+00	-2.70E+01
-1.45E+01	-3.78E+01	-8.56E+00	-2.57E+01
-1.45E+01	-3.59E+01	-8.73E+00	-2.44E+01
-1.45E+01	-3.39E+01	-8.91E+00	-2.32E+01
-1.45E+01	-3.19E+01	-9.10E+00	-2.18E+01
-1.45E+01	-2.97E+01	-9.29E+00	-2.04E+01
-1.45E+01	-2.74E+01	-9.46E+00	-1.89E+01
-1.45E+01	-2.50E+01	-9.64E+00	-1.73E+01
-1.45E+01	-2.25E+01	-9.81E+00	-1.57E+01
-1.45E+01	-1.99E+01	-9.99E+00	-1.40E+01
-1.45E+01	-1.73E+01	-1.02E+01	-1.22E+01
-1.45E+01	-1.45E+01	-1.03E+01	-1.03E+01
-1.45E+01	-1.17E+01	-1.03E+01	-8.28E+00
-1.45E+01	-8.83E+00	-1.03E+01	-6.20E+00
-1.45E+01	-5.91E+00	-1.03E+01	-4.11E+00
-1.45E+01	-2.96E+00	-1.02E+01	-2.05E+00
-1.45E+01	0.00E+00	-1.02E+01	0.00E+00
-1.45E+01	2.96E+00	-1.02E+01	2.05E+00
-1.45E+01	5.91E+00	-1.03E+01	4.11E+00
-1.45E+01	8.83E+00	-1.03E+01	6.20E+00
-1.45E+01	1.17E+01	-1.03E+01	8.28E+00
-1.45E+01	1.45E+01	-1.03E+01	1.03E+01
-1.45E+01	1.73E+01	-1.02E+01	1.22E+01
-1.45E+01	1.99E+01	-9.99E+00	1.40E+01
-1.45E+01	2.25E+01	-9.81E+00	1.57E+01
-1.45E+01	2.50E+01	-9.64E+00	1.73E+01
-1.45E+01	2.74E+01	-9.46E+00	1.89E+01
-1.45E+01	2.97E+01	-9.29E+00	2.04E+01
-1.45E+01	3.19E+01	-9.10E+00	2.18E+01
-1.45E+01	3.39E+01	-8.91E+00	2.32E+01
-1.45E+01	3.59E+01	-8.73E+00	2.44E+01
-1.45E+01	3.78E+01	-8.56E+00	2.57E+01
-1.45E+01	3.96E+01	-8.42E+00	2.70E+01
-1.45E+01	4.14E+01	-8.28E+00	2.82E+01
-1.45E+01	4.30E+01	-8.18E+00	2.95E+01
-1.45E+01	4.45E+01	-8.08E+00	3.07E+01
-1.45E+01	4.60E+01	-7.96E+00	3.19E+01
-1.17E+01	-4.60E+01	-6.40E+00	-3.20E+01
-1.17E+01	-4.45E+01	-6.49E+00	-3.08E+01
-1.17E+01	-4.30E+01	-6.56E+00	-2.95E+01
-1.17E+01	-4.14E+01	-6.65E+00	-2.83E+01
-1.17E+01	-3.96E+01	-6.77E+00	-2.71E+01
-1.17E+01	-3.78E+01	-6.89E+00	-2.58E+01
-1.17E+01	-3.59E+01	-7.03E+00	-2.46E+01
-1.17E+01	-3.39E+01	-7.18E+00	-2.33E+01
-1.17E+01	-3.19E+01	-7.34E+00	-2.20E+01
-1.17E+01	-2.97E+01	-7.49E+00	-2.06E+01
-1.17E+01	-2.74E+01	-7.63E+00	-1.91E+01
-1.17E+01	-2.50E+01	-7.78E+00	-1.75E+01
-1.17E+01	-2.25E+01	-7.93E+00	-1.59E+01
-1.17E+01	-1.99E+01	-8.09E+00	-1.42E+01
-1.17E+01	-1.73E+01	-8.22E+00	-1.23E+01
-1.17E+01	-1.45E+01	-8.28E+00	-1.03E+01
-1.17E+01	-1.17E+01	-8.25E+00	-8.25E+00
-1.17E+01	-8.83E+00	-8.17E+00	-6.13E+00
-1.17E+01	-5.91E+00	-8.08E+00	-4.04E+00
-1.17E+01	-2.96E+00	-8.02E+00	-2.01E+00
-1.17E+01	0.00E+00	-8.00E+00	0.00E+00
-1.17E+01	2.96E+00	-8.02E+00	2.01E+00
-1.17E+01	5.91E+00	-8.08E+00	4.04E+00
-1.17E+01	8.83E+00	-8.17E+00	6.13E+00
-1.17E+01	1.17E+01	-8.25E+00	8.25E+00
-1.17E+01	1.45E+01	-8.28E+00	1.03E+01
-1.17E+01	1.73E+01	-8.22E+00	1.23E+01
-1.17E+01	1.99E+01	-8.09E+00	1.42E+01
-1.17E+01	2.25E+01	-7.93E+00	1.59E+01
-1.17E+01	2.50E+01	-7.78E+00	1.75E+01
-1.17E+01	2.74E+01	-7.63E+00	1.91E+01
-1.17E+01	2.97E+01	-7.49E+00	2.06E+01
-1.17E+01	3.19E+01	-7.34E+00	2.20E+01
-1.17E+01	3.39E+01	-7.18E+00	2.33E+01
-1.17E+01	3.59E+01	-7.03E+00	2.46E+01
-1.17E+01	3.78E+01	-6.89E+00	2.58E+01
-1.17E+01	3.96E+01	-6.77E+00	2.71E+01
-1.17E+01	4.14E+01	-6.65E+00	2.83E+01
-1.17E+01	4.30E+01	-6.56E+00	2.95E+01
-1.17E+01	4.45E+01	-6.49E+00	3.08E+01
-1.17E+01	4.60E+01	-6.40E+00	3.20E+01
-8.83E+00	-4.60E+01	-4.81E+00	-3.21E+01
-8.83E+00	-4.45E+01	-4.88E+00	-3.09E+01
-8.83E+00	-4.30E+01	-4.93E+00	-2.96E+01
-8.83E+00	-4.14E+01	-5.00E+00	-2.83E+01
-8.83E+00	-3.96E+01	-5.10E+00	-2.72E+01
-8.83E+00	-3.78E+01	-5.19E+00	-2.60E+01
-8.83E+00	-3.59E+01	-5.30E+00	-2.47E+01
-8.83E+00	-3.39E+01	-5.42E+00	-2.35E+01
-8.83E+00	-3.19E+01	-5.54E+00	-2.22E+01
-8.83E+00	-2.97E+01	-5.65E+00	-2.07E+01
-8.83E+00	-2.74E+01	-5.76E+00	-1.92E+01
-8.83E+00	-2.50E+01	-5.88E+00	-1.76E+01
-8.83E+00	-2.25E+01	-6.00E+00	-1.60E+01
-8.83E+00	-1.99E+01	-6.13E+00	-1.43E+01
-8.83E+00	-1.73E+01	-6.20E+00	-1.24E+01
-8.83E+00	-1.45E+01	-6.20E+00	-1.03E+01
-8.83E+00	-1.17E+01	-6.13E+00	-8.17E+00
-8.83E+00	-8.83E+00	-6.03E+00	-6.03E+00
-8.83E+00	-5.91E+00	-5.95E+00	-3.96E+00
-8.83E+00	-2.96E+00	-5.88E+00	-1.96E+00
-8.83E+00	0.00E+00	-5.86E+00	0.00E+00
-8.83E+00	2.96E+00	-5.88E+00	1.96E+00
-8.83E+00	5.91E+00	-5.95E+00	3.96E+00
-8.83E+00	8.83E+00	-6.03E+00	6.03E+00
-8.83E+00	1.17E+01	-6.13E+00	8.17E+00
-8.83E+00	1.45E+01	-6.20E+00	1.03E+01
-8.83E+00	1.73E+01	-6.20E+00	1.24E+01
-8.83E+00	1.99E+01	-6.13E+00	1.43E+01
-8.83E+00	2.25E+01	-6.00E+00	1.60E+01
-8.83E+00	2.50E+01	-5.88E+00	1.76E+01
-8.83E+00	2.74E+01	-5.76E+00	1.92E+01
-8.83E+00	2.97E+01	-5.65E+00	2.07E+01
-8.83E+00	3.19E+01	-5.54E+00	2.22E+01
-8.83E+00	3.39E+01	-5.42E+00	2.35E+01
-8.83E+00	3.59E+01	-5.30E+00	2.47E+01
-8.83E+00	3.78E+01	-5.19E+00	2.60E+01
-8.83E+00	3.96E+01	-5.10E+00	2.72E+01
-8.83E+00	4.14E+01	-5.00E+00	2.83E+01
-8.83E+00	4.30E+01	-4.93E+00	2.96E+01
-8.83E+00	4.45E+01	-4.88E+00	3.09E+01
-8.83E+00	4.60E+01	-4.81E+00	3.21E+01
-5.91E+00	-4.60E+01	-3.21E+00	-3.21E+01
-5.91E+00	-4.45E+01	-3.26E+00	-3.09E+01
-5.91E+00	-4.30E+01	-3.30E+00	-2.97E+01
-5.91E+00	-4.14E+01	-3.34E+00	-2.84E+01
-5.91E+00	-3.96E+01	-3.41E+00	-2.72E+01
-5.91E+00	-3.78E+01	-3.47E+00	-2.60E+01
-5.91E+00	-3.59E+01	-3.55E+00	-2.48E+01
-5.91E+00	-3.39E+01	-3.63E+00	-2.36E+01
-5.91E+00	-3.19E+01	-3.71E+00	-2.22E+01
-5.91E+00	-2.97E+01	-3.79E+00	-2.08E+01
-5.91E+00	-2.74E+01	-3.86E+00	-1.93E+01
-5.91E+00	-2.50E+01	-3.94E+00	-1.77E+01
-5.91E+00	-2.25E+01	-4.03E+00	-1.61E+01
-5.91E+00	-1.99E+01	-4.11E+00	-1.44E+01
-5.91E+00	-1.73E+01	-4.14E+00	-1.24E+01
-5.91E+00	-1.45E+01	-4.11E+00	-1.03E+01
-5.91E+00	-1.17E+01	-4.04E+00	-8.08E+00
-5.91E+00	-8.83E+00	-3.96E+00	-5.95E+00
-5.91E+00	-5.91E+00	-3.89E+00	-3.89E+00
-5.91E+00	-2.96E+00	-3.84E+00	-1.92E+00
-5.91E+00	0.00E+00	-3.82E+00	0.00E+00
-5.91E+00	2.96E+00	-3.84E+00	1.92E+00
-5.91E+00	5.91E+00	-3.89E+00	3.89E+00
-5.91E+00	8.83E+00	-3.96E+00	5.95E+00
-5.91E+00	1.17E+01	-4.04E+00	8.08E+00
-5.91E+00	1.45E+01	-4.11E+00	1.03E+01
-5.91E+00	1.73E+01	-4.14E+00	1.24E+01
-5.91E+00	1.99E+01	-4.11E+00	1.44E+01
-5.91E+00	2.25E+01	-4.03E+00	1.61E+01
-5.91E+00	2.50E+01	-3.94E+00	1.77E+01
-5.91E+00	2.74E+01	-3.86E+00	1.93E+01
-5.91E+00	2.97E+01	-3.79E+00	2.08E+01
-5.91E+00	3.19E+01	-3.71E+00	2.22E+01
-5.91E+00	3.39E+01	-3.63E+00	2.36E+01
-5.91E+00	3.59E+01	-3.55E+00	2.48E+01
-5.91E+00	3.78E+01	-3.47E+00	2.60E+01
-5.91E+00	3.96E+01	-3.41E+00	2.72E+01
-5.91E+00	4.14E+01	-3.34E+00	2.84E+01
-5.91E+00	4.30E+01	-3.30E+00	2.97E+01
-5.91E+00	4.45E+01	-3.26E+00	3.09E+01
-5.91E+00	4.60E+01	-3.21E+00	3.21E+01
-2.96E+00	-4.60E+01	-1.61E+00	-3.22E+01
-2.96E+00	-4.45E+01	-1.63E+00	-3.10E+01
-2.96E+00	-4.30E+01	-1.65E+00	-2.97E+01
-2.96E+00	-4.14E+01	-1.67E+00	-2.84E+01
-2.96E+00	-3.96E+01	-1.71E+00	-2.73E+01
-2.96E+00	-3.78E+01	-1.74E+00	-2.61E+01
-2.96E+00	-3.59E+01	-1.78E+00	-2.49E+01
-2.96E+00	-3.39E+01	-1.82E+00	-2.36E+01
-2.96E+00	-3.19E+01	-1.86E+00	-2.23E+01
-2.96E+00	-2.97E+01	-1.90E+00	-2.09E+01
-2.96E+00	-2.74E+01	-1.94E+00	-1.94E+01
-2.96E+00	-2.50E+01	-1.98E+00	-1.78E+01
-2.96E+00	-2.25E+01	-2.02E+00	-1.62E+01
-2.96E+00	-1.99E+01	-2.06E+00	-1.44E+01
-2.96E+00	-1.73E+01	-2.07E+00	-1.24E+01
-2.96E+00	-1.45E+01	-2.05E+00	-1.02E+01
-2.96E+00	-1.17E+01	-2.01E+00	-8.02E+00
-2.96E+00	-8.83E+00	-1.96E+00	-5.88E+00
-2.96E+00	-5.91E+00	-1.92E+00	-3.84E+00
-2.96E+00	-2.96E+00	-1.89E+00	-1.89E+00
-2.96E+00	0.00E+00	-1.88E+00	0.00E+00
-2.96E+00	2.96E+00	-1.89E+00	1.89E+00
-2.96E+00	5.91E+00	-1.92E+00	3.84E+00
-2.96E+00	8.83E+00	-1.96E+00	5.88E+00
-2.96E+00	1.17E+01	-2.01E+00	8.02E+00
-2.96E+00	1.45E+01	-2.05E+00	1.02E+01
-2.96E+00	1.73E+01	-2.07E+00	1.24E+01
-2.96E+00	1.99E+01	-2.06E+00	1.44E+01
-2.96E+00	2.25E+01	-2.02E+00	1.62E+01
-2.96E+00	2.50E+01	-1.98E+00	1.78E+01
-2.96E+00	2.74E+01	-1.94E+00	1.94E+01
-2.96E+00	2.97E+01	-1.90E+00	2.09E+01
-2.96E+00	3.19E+01	-1.86E+00	2.23E+01
-2.96E+00	3.39E+01	-1.82E+00	2.36E+01
-2.96E+00	3.59E+01	-1.78E+00	2.49E+01
-2.96E+00	3.78E+01	-1.74E+00	2.61E+01
-2.96E+00	3.96E+01	-1.71E+00	2.73E+01
-2.96E+00	4.14E+01	-1.67E+00	2.84E+01
-2.96E+00	4.30E+01	-1.65E+00	2.97E+01
-2.96E+00	4.45E+01	-1.63E+00	3.10E+01
-2.96E+00	4.60E+01	-1.61E+00	3.22E+01
0.00E+00	-4.60E+01	0.00E+00	-3.22E+01
0.00E+00	-4.45E+01	0.00E+00	-3.10E+01
0.00E+00	-4.30E+01	0.00E+00	-2.97E+01
0.00E+00	-4.14E+01	0.00E+00	-2.85E+01
0.00E+00	-3.96E+01	0.00E+00	-2.73E+01
0.00E+00	-3.78E+01	0.00E+00	-2.61E+01
0.00E+00	-3.59E+01	0.00E+00	-2.49E+01
0.00E+00	-3.39E+01	0.00E+00	-2.37E+01
0.00E+00	-3.19E+01	0.00E+00	-2.23E+01
0.00E+00	-2.97E+01	0.00E+00	-2.09E+01
0.00E+00	-2.74E+01	0.00E+00	-1.94E+01
0.00E+00	-2.50E+01	0.00E+00	-1.78E+01
0.00E+00	-2.25E+01	0.00E+00	-1.62E+01
0.00E+00	-1.99E+01	0.00E+00	-1.44E+01
0.00E+00	-1.73E+01	0.00E+00	-1.24E+01
0.00E+00	-1.45E+01	0.00E+00	-1.02E+01
0.00E+00	-1.17E+01	0.00E+00	-8.00E+00
0.00E+00	-8.83E+00	0.00E+00	-5.86E+00
0.00E+00	-5.91E+00	0.00E+00	-3.82E+00
0.00E+00	-2.96E+00	0.00E+00	-1.88E+00
0.00E+00	0.00E+00	0.00E+00	0.00E+00
0.00E+00	2.96E+00	0.00E+00	1.88E+00
0.00E+00	5.91E+00	0.00E+00	3.82E+00
0.00E+00	8.83E+00	0.00E+00	5.86E+00
0.00E+00	1.17E+01	0.00E+00	8.00E+00
0.00E+00	1.45E+01	0.00E+00	1.02E+01
0.00E+00	1.73E+01	0.00E+00	1.24E+01
0.00E+00	1.99E+01	0.00E+00	1.44E+01
0.00E+00	2.25E+01	0.00E+00	1.62E+01
0.00E+00	2.50E+01	0.00E+00	1.78E+01
0.00E+00	2.74E+01	0.00E+00	1.94E+01
0.00E+00	2.97E+01	0.00E+00	2.09E+01
0.00E+00	3.19E+01	0.00E+00	2.23E+01
0.00E+00	3.39E+01	0.00E+00	2.37E+01
0.00E+00	3.59E+01	0.00E+00	2.49E+01
0.00E+00	3.78E+01	0.00E+00	2.61E+01
0.00E+00	3.96E+01	0.00E+00	2.73E+01
0.00E+00	4.14E+01	0.00E+00	2.85E+01
0.00E+00	4.30E+01	0.00E+00	2.97E+01
0.00E+00	4.45E+01	0.00E+00	3.10E+01
0.00E+00	4.60E+01	0.00E+00	3.22E+01
2.96E+00	-4.60E+01	1.61E+00	-3.22E+01
2.96E+00	-4.45E+01	1.63E+00	-3.10E+01
2.96E+00	-4.30E+01	1.65E+00	-2.97E+01
2.96E+00	-4.14E+01	1.67E+00	-2.84E+01
2.96E+00	-3.96E+01	1.71E+00	-2.73E+01
2.96E+00	-3.78E+01	1.74E+00	-2.61E+01
2.96E+00	-3.59E+01	1.78E+00	-2.49E+01
2.96E+00	-3.39E+01	1.82E+00	-2.36E+01
2.96E+00	-3.19E+01	1.86E+00	-2.23E+01
2.96E+00	-2.97E+01	1.90E+00	-2.09E+01
2.96E+00	-2.74E+01	1.94E+00	-1.94E+01
2.96E+00	-2.50E+01	1.98E+00	-1.78E+01
2.96E+00	-2.25E+01	2.02E+00	-1.62E+01
2.96E+00	-1.99E+01	2.06E+00	-1.44E+01
2.96E+00	-1.73E+01	2.07E+00	-1.24E+01
2.96E+00	-1.45E+01	2.05E+00	-1.02E+01
2.96E+00	-1.17E+01	2.01E+00	-8.02E+00
2.96E+00	-8.83E+00	1.96E+00	-5.88E+00
2.96E+00	-5.91E+00	1.92E+00	-3.84E+00
2.96E+00	-2.96E+00	1.89E+00	-1.89E+00
2.96E+00	0.00E+00	1.88E+00	0.00E+00
2.96E+00	2.96E+00	1.89E+00	1.89E+00
2.96E+00	5.91E+00	1.92E+00	3.84E+00
2.96E+00	8.83E+00	1.96E+00	5.88E+00
2.96E+00	1.17E+01	2.01E+00	8.02E+00
2.96E+00	1.45E+01	2.05E+00	1.02E+01
2.96E+00	1.73E+01	2.07E+00	1.24E+01
2.96E+00	1.99E+01	2.06E+00	1.44E+01
2.96E+00	2.25E+01	2.02E+00	1.62E+01
2.96E+00	2.50E+01	1.98E+00	1.78E+01
2.96E+00	2.74E+01	1.94E+00	1.94E+01
2.96E+00	2.97E+01	1.90E+00	2.09E+01
2.96E+00	3.19E+01	1.86E+00	2.23E+01
2.96E+00	3.39E+01	1.82E+00	2.36E+01
2.96E+00	3.59E+01	1.78E+00	2.49E+01
2.96E+00	3.78E+01	1.74E+00	2.61E+01
2.96E+00	3.96E+01	1.71E+00	2.73E+01
2.96E+00	4.14E+01	1.67E+00	2.84E+01
2.96E+00	4.30E+01	1.65E+00	2.97E+01
2.96E+00	4.45E+01	1.63E+00	3.10E+01
2.96E+00	4.60E+01	1.61E+00	3.22E+01
5.91E+00	-4.60E+01	3.21E+00	-3.21E+01
5.91E+00	-4.45E+01	3.26E+00	-3.09E+01
5.91E+00	-4.30E+01	3.30E+00	-2.97E+01
5.91E+00	-4.14E+01	3.34E+00	-2.84E+01
5.91E+00	-3.96E+01	3.41E+00	-2.72E+01
5.91E+00	-3.78E+01	3.47E+00	-2.60E+01
5.91E+00	-3.59E+01	3.55E+00	-2.48E+01
5.91E+00	-3.39E+01	3.63E+00	-2.36E+01
5.91E+00	-3.19E+01	3.71E+00	-2.22E+01
5.91E+00	-2.97E+01	3.79E+00	-2.08E+01
5.91E+00	-2.74E+01	3.86E+00	-1.93E+01
5.91E+00	-2.50E+01	3.94E+00	-1.77E+01
5.91E+00	-2.25E+01	4.03E+00	-1.61E+01
5.91E+00	-1.99E+01	4.11E+00	-1.44E+01
5.91E+00	-1.73E+01	4.14E+00	-1.24E+01
5.91E+00	-1.45E+01	4.11E+00	-1.03E+01
5.91E+00	-1.17E+01	4.04E+00	-8.08E+00
5.91E+00	-8.83E+00	3.96E+00	-5.95E+00
5.91E+00	-5.91E+00	3.89E+00	-3.89E+00
5.91E+00	-2.96E+00	3.84E+00	-1.92E+00
5.91E+00	0.00E+00	3.82E+00	0.00E+00
5.91E+00	2.96E+00	3.84E+00	1.92E+00
5.91E+00	5.91E+00	3.89E+00	3.89E+00
5.91E+00	8.83E+00	3.96E+00	5.95E+00
5.91E+00	1.17E+01	4.04E+00	8.08E+00
5.91E+00	1.45E+01	4.11E+00	1.03E+01
5.91E+00	1.73E+01	4.14E+00	1.24E+01
5.91E+00	1.99E+01	4.11E+00	1.44E+01
5.91E+00	2.25E+01	4.03E+00	1.61E+01
5.91E+00	2.50E+01	3.94E+00	1.77E+01
5.91E+00	2.74E+01	3.86E+00	1.93E+01
5.91E+00	2.97E+01	3.79E+00	2.08E+01
5.91E+00	3.19E+01	3.71E+00	2.22E+01
5.91E+00	3.39E+01	3.63E+00	2.36E+01
5.91E+00	3.59E+01	3.55E+00	2.48E+01
5.91E+00	3.78E+01	3.47E+00	2.60E+01
5.91E+00	3.96E+01	3.41E+00	2.72E+01
5.91E+00	4.14E+01	3.34E+00	2.84E+01
5.91E+00	4.30E+01	3.30E+00	2.97E+01
5.91E+00	4.45E+01	3.26E+00	3.09E+01
5.91E+00	4.60E+01	3.21E+00	3.21E+01
8.83E+00	-4.60E+01	4.81E+00	-3.21E+01
8.83E+00	-4.45E+01	4.88E+00	-3.09E+01
8.83E+00	-4.30E+01	4.93E+00	-2.96E+01
8.83E+00	-4.14E+01	5.00E+00	-2.83E+01
8.83E+00	-3.96E+01	5.10E+00	-2.72E+01
8.83E+00	-3.78E+01	5.19E+00	-2.60E+01
8.83E+00	-3.59E+01	5.30E+00	-2.47E+01
8.83E+00	-3.39E+01	5.42E+00	-2.35E+01
8.83E+00	-3.19E+01	5.54E+00	-2.22E+01
8.83E+00	-2.97E+01	5.65E+00	-2.07E+01
8.83E+00	-2.74E+01	5.76E+00	-1.92E+01
8.83E+00	-2.50E+01	5.88E+00	-1.76E+01
8.83E+00	-2.25E+01	6.00E+00	-1.60E+01
8.83E+00	-1.99E+01	6.13E+00	-1.43E+01
8.83E+00	-1.73E+01	6.20E+00	-1.24E+01
8.83E+00	-1.45E+01	6.20E+00	-1.03E+01
8.83E+00	-1.17E+01	6.13E+00	-8.17E+00
8.83E+00	-8.83E+00	6.03E+00	-6.03E+00
8.83E+00	-5.91E+00	5.95E+00	-3.96E+00
8.83E+00	-2.96E+00	5.88E+00	-1.96E+00
8.83E+00	0.00E+00	5.86E+00	0.00E+00
8.83E+00	2.96E+00	5.88E+00	1.96E+00
8.83E+00	5.91E+00	5.95E+00	3.96E+00
8.83E+00	8.83E+00	6.03E+00	6.03E+00
8.83E+00	1.17E+01	6.13E+00	8.17E+00
8.83E+00	1.45E+01	6.20E+00	1.03E+01
8.83E+00	1.73E+01	6.20E+00	1.24E+01
8.83E+00	1.99E+01	6.13E+00	1.43E+01
8.83E+00	2.25E+01	6.00E+00	1.60E+01
8.83E+00	2.50E+01	5.88E+00	1.76E+01
8.83E+00	2.74E+01	5.76E+00	1.92E+01
8.83E+00	2.97E+01	5.65E+00	2.07E+01
8.83E+00	3.19E+01	5.54E+00	2.22E+01
8.83E+00	3.39E+01	5.42E+00	2.35E+01
8.83E+00	3.59E+01	5.30E+00	2.47E+01
8.83E+00	3.78E+01	5.19E+00	2.60E+01
8.83E+00	3.96E+01	5.10E+00	2.72E+01
8.83E+00	4.14E+01	5.00E+00	2.83E+01
8.83E+00	4.30E+01	4.93E+00	2.96E+01
8.83E+00	4.45E+01	4.88E+00	3.09E+01
8.83E+00	4.60E+01	4.81E+00	3.21E+01
1.17E+01	-4.60E+01	6.40E+00	-3.20E+01
1.17E+01	-4.45E+01	6.49E+00	-3.08E+01
1.17E+01	-4.30E+01	6.56E+00	-2.95E+01
1.17E+01	-4.14E+01	6.65E+00	-2.83E+01
1.17E+01	-3.96E+01	6.77E+00	-2.71E+01
1.17E+01	-3.78E+01	6.89E+00	-2.58E+01
1.17E+01	-3.59E+01	7.03E+00	-2.46E+01
1.17E+01	-3.39E+01	7.18E+00	-2.33E+01
1.17E+01	-3.19E+01	7.34E+00	-2.20E+01
1.17E+01	-2.97E+01	7.49E+00	-2.06E+01
1.17E+01	-2.74E+01	7.63E+00	-1.91E+01
1.17E+01	-2.50E+01	7.78E+00	-1.75E+01
1.17E+01	-2.25E+01	7.93E+00	-1.59E+01
1.17E+01	-1.99E+01	8.09E+00	-1.42E+01
1.17E+01	-1.73E+01	8.22E+00	-1.23E+01
1.17E+01	-1.45E+01	8.28E+00	-1.03E+01
1.17E+01	-1.17E+01	8.25E+00	-8.25E+00
1.17E+01	-8.83E+00	8.17E+00	-6.13E+00
1.17E+01	-5.91E+00	8.08E+00	-4.04E+00
1.17E+01	-2.96E+00	8.02E+00	-2.01E+00
1.17E+01	0.00E+00	8.00E+00	0.00E+00
1.17E+01	2.96E+00	8.02E+00	2.01E+00
1.17E+01	5.91E+00	8.08E+00	4.04E+00
1.17E+01	8.83E+00	8.17E+00	6.13E+00
1.17E+01	1.17E+01	8.25E+00	8.25E+00
1.17E+01	1.45E+01	8.28E+00	1.03E+01
1.17E+01	1.73E+01	8.22E+00	1.23E+01
1.17E+01	1.99E+01	8.09E+00	1.42E+01
1.17E+01	2.25E+01	7.93E+00	1.59E+01
1.17E+01	2.50E+01	7.78E+00	1.75E+01
1.17E+01	2.74E+01	7.63E+00	1.91E+01
1.17E+01	2.97E+01	7.49E+00	2.06E+01
1.17E+01	3.19E+01	7.34E+00	2.20E+01
1.17E+01	3.39E+01	7.18E+00	2.33E+01
1.17E+01	3.59E+01	7.03E+00	2.46E+01
1.17E+01	3.78E+01	6.89E+00	2.58E+01
1.17E+01	3.96E+01	6.77E+00	2.71E+01
1.17E+01	4.14E+01	6.65E+00	2.83E+01
1.17E+01	4.30E+01	6.56E+00	2.95E+01
1.17E+01	4.45E+01	6.49E+00	3.08E+01
1.17E+01	4.60E+01	6.40E+00	3.20E+01
1.45E+01	-4.60E+01	7.96E+00	-3.19E+01
1.45E+01	-4.45E+01	8.08E+00	-3.07E+01
1.45E+01	-4.30E+01	8.18E+00	-2.95E+01
1.45E+01	-4.14E+01	8.28E+00	-2.82E+01
1.45E+01	-3.96E+01	8.42E+00	-2.70E+01
1.45E+01	-3.78E+01	8.56E+00	-2.57E+01
1.45E+01	-3.59E+01	8.73E+00	-2.44E+01
1.45E+01	-3.39E+01	8.91E+00	-2.32E+01
1.45E+01	-3.19E+01	9.10E+00	-2.18E+01
1.45E+01	-2.97E+01	9.29E+00	-2.04E+01
1.45E+01	-2.74E+01	9.46E+00	-1.89E+01
1.45E+01	-2.50E+01	9.64E+00	-1.73E+01
1.45E+01	-2.25E+01	9.81E+00	-1.57E+01
1.45E+01	-1.99E+01	9.99E+00	-1.40E+01
1.45E+01	-1.73E+01	1.02E+01	-1.22E+01
1.45E+01	-1.45E+01	1.03E+01	-1.03E+01
1.45E+01	-1.17E+01	1.03E+01	-8.28E+00
1.45E+01	-8.83E+00	1.03E+01	-6.20E+00
1.45E+01	-5.91E+00	1.03E+01	-4.11E+00
1.45E+01	-2.96E+00	1.02E+01	-2.05E+00
1.45E+01	0.00E+00	1.02E+01	0.00E+00
1.45E+01	2.96E+00	1.02E+01	2.05E+00
1.45E+01	5.91E+00	1.03E+01	4.11E+00
1.45E+01	8.83E+00	1.03E+01	6.20E+00
1.45E+01	1.17E+01	1.03E+01	8.28E+00
1.45E+01	1.45E+01	1.03E+01	1.03E+01
1.45E+01	1.73E+01	1.02E+01	1.22E+01
1.45E+01	1.99E+01	9.99E+00	1.40E+01
1.45E+01	2.25E+01	9.81E+00	1.57E+01
1.45E+01	2.50E+01	9.64E+00	1.73E+01
1.45E+01	2.74E+01	9.46E+00	1.89E+01
1.45E+01	2.97E+01	9.29E+00	2.04E+01
1.45E+01	3.19E+01	9.10E+00	2.18E+01
1.45E+01	3.39E+01	8.91E+00	2.32E+01
1.45E+01	3.59E+01	8.73E+00	2.44E+01
1.45E+01	3.78E+01	8.56E+00	2.57E+01
1.45E+01	3.96E+01	8.42E+00	2.70E+01
1.45E+01	4.14E+01	8.28E+00	2.82E+01
1.45E+01	4.30E+01	8.18E+00	2.95E+01
1.45E+01	4.45E+01	8.08E+00	3.07E+01
1.45E+01	4.60E+01	7.96E+00	3.19E+01
1.73E+01	-4.60E+01	9.51E+00	-3.17E+01
1.73E+01	-4.45E+01	9.66E+00	-3.06E+01
1.73E+01	-4.30E+01	9.78E+00	-2.94E+01
1.73E+01	-4.14E+01	9.90E+00	-2.80E+01
1.73E+01	-3.96E+01	1.01E+01	-2.68E+01
1.73E+01	-3.78E+01	1.02E+01	-2.55E+01
1.73E+01	-3.59E+01	1.04E+01	-2.43E+01
1.73E+01	-3.39E+01	1.06E+01	-2.30E+01
1.73E+01	-3.19E+01	1.08E+01	-2.16E+01
1.73E+01	-2.97E+01	1.10E+01	-2.02E+01
1.73E+01	-2.74E+01	1.12E+01	-1.87E+01
1.73E+01	-2.50E+01	1.14E+01	-1.72E+01
1.73E+01	-2.25E+01	1.16E+01	-1.55E+01
1.73E+01	-1.99E+01	1.18E+01	-1.38E+01
1.73E+01	-1.73E+01	1.20E+01	-1.20E+01
1.73E+01	-1.45E+01	1.22E+01	-1.02E+01
1.73E+01	-1.17E+01	1.23E+01	-8.22E+00
1.73E+01	-8.83E+00	1.24E+01	-6.20E+00
1.73E+01	-5.91E+00	1.24E+01	-4.14E+00
1.73E+01	-2.96E+00	1.24E+01	-2.07E+00
1.73E+01	0.00E+00	1.24E+01	0.00E+00
1.73E+01	2.96E+00	1.24E+01	2.07E+00
1.73E+01	5.91E+00	1.24E+01	4.14E+00
1.73E+01	8.83E+00	1.24E+01	6.20E+00
1.73E+01	1.17E+01	1.23E+01	8.22E+00
1.73E+01	1.45E+01	1.22E+01	1.02E+01
1.73E+01	1.73E+01	1.20E+01	1.20E+01
1.73E+01	1.99E+01	1.18E+01	1.38E+01
1.73E+01	2.25E+01	1.16E+01	1.55E+01
1.73E+01	2.50E+01	1.14E+01	1.72E+01
1.73E+01	2.74E+01	1.12E+01	1.87E+01
1.73E+01	2.97E+01	1.10E+01	2.02E+01
1.73E+01	3.19E+01	1.08E+01	2.16E+01
1.73E+01	3.39E+01	1.06E+01	2.30E+01
1.73E+01	3.59E+01	1.04E+01	2.43E+01
1.73E+01	3.78E+01	1.02E+01	2.55E+01
1.73E+01	3.96E+01	1.01E+01	2.68E+01
1.73E+01	4.14E+01	9.90E+00	2.80E+01
1.73E+01	4.30E+01	9.78E+00	2.94E+01
1.73E+01	4.45E+01	9.66E+00	3.06E+01
1.73E+01	4.60E+01	9.51E+00	3.17E+01
1.99E+01	-4.60E+01	1.10E+01	-3.15E+01
1.99E+01	-4.45E+01	1.12E+01	-3.05E+01
1.99E+01	-4.30E+01	1.14E+01	-2.92E+01
1.99E+01	-4.14E+01	1.15E+01	-2.79E+01
1.99E+01	-3.96E+01	1.17E+01	-2.67E+01
1.99E+01	-3.78E+01	1.18E+01	-2.54E+01
1.99E+01	-3.59E+01	1.20E+01	-2.41E+01
1.99E+01	-3.39E+01	1.23E+01	-2.28E+01
1.99E+01	-3.19E+01	1.25E+01	-2.14E+01
1.99E+01	-2.97E+01	1.27E+01	-2.00E+01
1.99E+01	-2.74E+01	1.30E+01	-1.85E+01
1.99E+01	-2.50E+01	1.32E+01	-1.70E+01
1.99E+01	-2.25E+01	1.34E+01	-1.53E+01
1.99E+01	-1.99E+01	1.36E+01	-1.36E+01
1.99E+01	-1.73E+01	1.38E+01	-1.18E+01
1.99E+01	-1.45E+01	1.40E+01	-9.99E+00
1.99E+01	-1.17E+01	1.42E+01	-8.09E+00
1.99E+01	-8.83E+00	1.43E+01	-6.13E+00
1.99E+01	-5.91E+00	1.44E+01	-4.11E+00
1.99E+01	-2.96E+00	1.44E+01	-2.06E+00
1.99E+01	0.00E+00	1.44E+01	0.00E+00
1.99E+01	2.96E+00	1.44E+01	2.06E+00
1.99E+01	5.91E+00	1.44E+01	4.11E+00
1.99E+01	8.83E+00	1.43E+01	6.13E+00
1.99E+01	1.17E+01	1.42E+01	8.09E+00
1.99E+01	1.45E+01	1.40E+01	9.99E+00
1.99E+01	1.73E+01	1.38E+01	1.18E+01
1.99E+01	1.99E+01	1.36E+01	1.36E+01
1.99E+01	2.25E+01	1.34E+01	1.53E+01
1.99E+01	2.50E+01	1.32E+01	1.70E+01
1.99E+01	2.74E+01	1.30E+01	1.85E+01
1.99E+01	2.97E+01	1.27E+01	2.00E+01
1.99E+01	3.19E+01	1.25E+01	2.14E+01
1.99E+01	3.39E+01	1.23E+01	2.28E+01
1.99E+01	3.59E+01	1.20E+01	2.41E+01
1.99E+01	3.78E+01	1.18E+01	2.54E+01
1.99E+01	3.96E+01	1.17E+01	2.67E+01
1.99E+01	4.14E+01	1.15E+01	2.79E+01
1.99E+01	4.30E+01	1.14E+01	2.92E+01
1.99E+01	4.45E+01	1.12E+01	3.05E+01
1.99E+01	4.60E+01	1.10E+01	3.15E+01
2.25E+01	-4.60E+01	1.25E+01	-3.12E+01
2.25E+01	-4.45E+01	1.27E+01	-3.03E+01
2.25E+01	-4.30E+01	1.29E+01	-2.91E+01
2.25E+01	-4.14E+01	1.31E+01	-2.78E+01
2.25E+01	-3.96E+01	1.33E+01	-2.65E+01
2.25E+01	-3.78E+01	1.34E+01	-2.52E+01
2.25E+01	-3.59E+01	1.36E+01	-2.38E+01
2.25E+01	-3.39E+01	1.39E+01	-2.25E+01
2.25E+01	-3.19E+01	1.41E+01	-2.12E+01
2.25E+01	-2.97E+01	1.44E+01	-1.98E+01
2.25E+01	-2.74E+01	1.46E+01	-1.83E+01
2.25E+01	-2.50E+01	1.49E+01	-1.67E+01
2.25E+01	-2.25E+01	1.51E+01	-1.51E+01
2.25E+01	-1.99E+01	1.53E+01	-1.34E+01
2.25E+01	-1.73E+01	1.55E+01	-1.16E+01
2.25E+01	-1.45E+01	1.57E+01	-9.81E+00
2.25E+01	-1.17E+01	1.59E+01	-7.93E+00
2.25E+01	-8.83E+00	1.60E+01	-6.00E+00
2.25E+01	-5.91E+00	1.61E+01	-4.03E+00
2.25E+01	-2.96E+00	1.62E+01	-2.02E+00
2.25E+01	0.00E+00	1.62E+01	0.00E+00
2.25E+01	2.96E+00	1.62E+01	2.02E+00
2.25E+01	5.91E+00	1.61E+01	4.03E+00
2.25E+01	8.83E+00	1.60E+01	6.00E+00
2.25E+01	1.17E+01	1.59E+01	7.93E+00
2.25E+01	1.45E+01	1.57E+01	9.81E+00
2.25E+01	1.73E+01	1.55E+01	1.16E+01
2.25E+01	1.99E+01	1.53E+01	1.34E+01
2.25E+01	2.25E+01	1.51E+01	1.51E+01
2.25E+01	2.50E+01	1.49E+01	1.67E+01
2.25E+01	2.74E+01	1.46E+01	1.83E+01
2.25E+01	2.97E+01	1.44E+01	1.98E+01
2.25E+01	3.19E+01	1.41E+01	2.12E+01
2.25E+01	3.39E+01	1.39E+01	2.25E+01
2.25E+01	3.59E+01	1.36E+01	2.38E+01
2.25E+01	3.78E+01	1.34E+01	2.52E+01
2.25E+01	3.96E+01	1.33E+01	2.65E+01
2.25E+01	4.14E+01	1.31E+01	2.78E+01
2.25E+01	4.30E+01	1.29E+01	2.91E+01
2.25E+01	4.45E+01	1.27E+01	3.03E+01
2.25E+01	4.60E+01	1.25E+01	3.12E+01
2.50E+01	-4.60E+01	1.38E+01	-3.07E+01
2.50E+01	-4.45E+01	1.42E+01	-3.00E+01
2.50E+01	-4.30E+01	1.45E+01	-2.89E+01
2.50E+01	-4.14E+01	1.46E+01	-2.76E+01
2.50E+01	-3.96E+01	1.48E+01	-2.64E+01
2.50E+01	-3.78E+01	1.50E+01	-2.50E+01
2.50E+01	-3.59E+01	1.52E+01	-2.36E+01
2.50E+01	-3.39E+01	1.54E+01	-2.23E+01
2.50E+01	-3.19E+01	1.57E+01	-2.09E+01
2.50E+01	-2.97E+01	1.59E+01	-1.95E+01
2.50E+01	-2.74E+01	1.62E+01	-1.80E+01
2.50E+01	-2.50E+01	1.65E+01	-1.65E+01
2.50E+01	-2.25E+01	1.67E+01	-1.49E+01
2.50E+01	-1.99E+01	1.70E+01	-1.32E+01
2.50E+01	-1.73E+01	1.72E+01	-1.14E+01
2.50E+01	-1.45E+01	1.73E+01	-9.64E+00
2.50E+01	-1.17E+01	1.75E+01	-7.78E+00
2.50E+01	-8.83E+00	1.76E+01	-5.88E+00
2.50E+01	-5.91E+00	1.77E+01	-3.94E+00
2.50E+01	-2.96E+00	1.78E+01	-1.98E+00
2.50E+01	0.00E+00	1.78E+01	0.00E+00
2.50E+01	2.96E+00	1.78E+01	1.98E+00
2.50E+01	5.91E+00	1.77E+01	3.94E+00
2.50E+01	8.83E+00	1.76E+01	5.88E+00
2.50E+01	1.17E+01	1.75E+01	7.78E+00
2.50E+01	1.45E+01	1.73E+01	9.64E+00
2.50E+01	1.73E+01	1.72E+01	1.14E+01
2.50E+01	1.99E+01	1.70E+01	1.32E+01
2.50E+01	2.25E+01	1.67E+01	1.49E+01
2.50E+01	2.50E+01	1.65E+01	1.65E+01
2.50E+01	2.74E+01	1.62E+01	1.80E+01
2.50E+01	2.97E+01	1.59E+01	1.95E+01
2.50E+01	3.19E+01	1.57E+01	2.09E+01
2.50E+01	3.39E+01	1.54E+01	2.23E+01
2.50E+01	3.59E+01	1.52E+01	2.36E+01
2.50E+01	3.78E+01	1.50E+01	2.50E+01
2.50E+01	3.96E+01	1.48E+01	2.64E+01
2.50E+01	4.14E+01	1.46E+01	2.76E+01
2.50E+01	4.30E+01	1.45E+01	2.89E+01
2.50E+01	4.45E+01	1.42E+01	3.00E+01
2.50E+01	4.60E+01	1.38E+01	3.07E+01
2.74E+01	-4.60E+01	1.39E+01	-2.78E+01
2.74E+01	-4.45E+01	1.56E+01	-2.97E+01
2.74E+01	-4.30E+01	1.59E+01	-2.87E+01
2.74E+01	-4.14E+01	1.62E+01	-2.75E+01
2.74E+01	-3.96E+01	1.64E+01	-2.62E+01
2.74E+01	-3.78E+01	1.65E+01	-2.48E+01
2.74E+01	-3.59E+01	1.67E+01	-2.34E+01
2.74E+01	-3.39E+01	1.69E+01	-2.20E+01
2.74E+01	-3.19E+01	1.72E+01	-2.06E+01
2.74E+01	-2.97E+01	1.75E+01	-1.92E+01
2.74E+01	-2.74E+01	1.77E+01	-1.77E+01
2.74E+01	-2.50E+01	1.80E+01	-1.62E+01
2.74E+01	-2.25E+01	1.83E+01	-1.46E+01
2.74E+01	-1.99E+01	1.85E+01	-1.30E+01
2.74E+01	-1.73E+01	1.87E+01	-1.12E+01
2.74E+01	-1.45E+01	1.89E+01	-9.46E+00
2.74E+01	-1.17E+01	1.91E+01	-7.63E+00
2.74E+01	-8.83E+00	1.92E+01	-5.76E+00
2.74E+01	-5.91E+00	1.93E+01	-3.86E+00
2.74E+01	-2.96E+00	1.94E+01	-1.94E+00
2.74E+01	0.00E+00	1.94E+01	0.00E+00
2.74E+01	2.96E+00	1.94E+01	1.94E+00
2.74E+01	5.91E+00	1.93E+01	3.86E+00
2.74E+01	8.83E+00	1.92E+01	5.76E+00
2.74E+01	1.17E+01	1.91E+01	7.63E+00
2.74E+01	1.45E+01	1.89E+01	9.46E+00
2.74E+01	1.73E+01	1.87E+01	1.12E+01
2.74E+01	1.99E+01	1.85E+01	1.30E+01
2.74E+01	2.25E+01	1.83E+01	1.46E+01
2.74E+01	2.50E+01	1.80E+01	1.62E+01
2.74E+01	2.74E+01	1.77E+01	1.77E+01
2.74E+01	2.97E+01	1.75E+01	1.92E+01
2.74E+01	3.19E+01	1.72E+01	2.06E+01
2.74E+01	3.39E+01	1.69E+01	2.20E+01
2.74E+01	3.59E+01	1.67E+01	2.34E+01
2.74E+01	3.78E+01	1.65E+01	2.48E+01
2.74E+01	3.96E+01	1.64E+01	2.62E+01
2.74E+01	4.14E+01	1.62E+01	2.75E+01
2.74E+01	4.30E+01	1.59E+01	2.87E+01
2.74E+01	4.45E+01	1.56E+01	2.97E+01
2.74E+01	4.60E+01	1.39E+01	2.78E+01
2.97E+01	-4.60E+01	1.56E+01	-2.84E+01
2.97E+01	-4.45E+01	1.68E+01	-2.91E+01
2.97E+01	-4.30E+01	1.73E+01	-2.84E+01
2.97E+01	-4.14E+01	1.76E+01	-2.73E+01
2.97E+01	-3.96E+01	1.79E+01	-2.60E+01
2.97E+01	-3.78E+01	1.81E+01	-2.46E+01
2.97E+01	-3.59E+01	1.83E+01	-2.32E+01
2.97E+01	-3.39E+01	1.85E+01	-2.18E+01
2.97E+01	-3.19E+01	1.87E+01	-2.04E+01
2.97E+01	-2.97E+01	1.89E+01	-1.89E+01
2.97E+01	-2.74E+01	1.92E+01	-1.75E+01
2.97E+01	-2.50E+01	1.95E+01	-1.59E+01
2.97E+01	-2.25E+01	1.98E+01	-1.44E+01
2.97E+01	-1.99E+01	2.00E+01	-1.27E+01
2.97E+01	-1.73E+01	2.02E+01	-1.10E+01
2.97E+01	-1.45E+01	2.04E+01	-9.29E+00
2.97E+01	-1.17E+01	2.06E+01	-7.49E+00
2.97E+01	-8.83E+00	2.07E+01	-5.65E+00
2.97E+01	-5.91E+00	2.08E+01	-3.79E+00
2.97E+01	-2.96E+00	2.09E+01	-1.90E+00
2.97E+01	0.00E+00	2.09E+01	0.00E+00
2.97E+01	2.96E+00	2.09E+01	1.90E+00
2.97E+01	5.91E+00	2.08E+01	3.79E+00
2.97E+01	8.83E+00	2.07E+01	5.65E+00
2.97E+01	1.17E+01	2.06E+01	7.49E+00
2.97E+01	1.45E+01	2.04E+01	9.29E+00
2.97E+01	1.73E+01	2.02E+01	1.10E+01
2.97E+01	1.99E+01	2.00E+01	1.27E+01
2.97E+01	2.25E+01	1.98E+01	1.44E+01
2.97E+01	2.50E+01	1.95E+01	1.59E+01
2.97E+01	2.74E+01	1.92E+01	1.75E+01
2.97E+01	2.97E+01	1.89E+01	1.89E+01
2.97E+01	3.19E+01	1.87E+01	2.04E+01
2.97E+01	3.39E+01	1.85E+01	2.18E+01
2.97E+01	3.59E+01	1.83E+01	2.32E+01
2.97E+01	3.78E+01	1.81E+01	2.46E+01
2.97E+01	3.96E+01	1.79E+01	2.60E+01
2.97E+01	4.14E+01	1.76E+01	2.73E+01
2.97E+01	4.30E+01	1.73E+01	2.84E+01
2.97E+01	4.45E+01	1.68E+01	2.91E+01
2.97E+01	4.60E+01	1.56E+01	2.84E+01
3.19E+01	-4.60E+01	1.46E+01	-2.44E+01
3.19E+01	-4.30E+01	1.86E+01	-2.79E+01
3.19E+01	-4.14E+01	1.90E+01	-2.70E+01
3.19E+01	-3.96E+01	1.93E+01	-2.58E+01
3.19E+01	-3.78E+01	1.96E+01	-2.44E+01
3.19E+01	-3.59E+01	1.98E+01	-2.30E+01
3.19E+01	-3.39E+01	1.99E+01	-2.16E+01
3.19E+01	-3.19E+01	2.02E+01	-2.02E+01
3.19E+01	-2.97E+01	2.04E+01	-1.87E+01
3.19E+01	-2.74E+01	2.06E+01	-1.72E+01
3.19E+01	-2.50E+01	2.09E+01	-1.57E+01
3.19E+01	-2.25E+01	2.12E+01	-1.41E+01
3.19E+01	-1.99E+01	2.14E+01	-1.25E+01
3.19E+01	-1.73E+01	2.16E+01	-1.08E+01
3.19E+01	-1.45E+01	2.18E+01	-9.10E+00
3.19E+01	-1.17E+01	2.20E+01	-7.34E+00
3.19E+01	-8.83E+00	2.22E+01	-5.54E+00
3.19E+01	-5.91E+00	2.22E+01	-3.71E+00
3.19E+01	-2.96E+00	2.23E+01	-1.86E+00
3.19E+01	0.00E+00	2.23E+01	0.00E+00
3.19E+01	2.96E+00	2.23E+01	1.86E+00
3.19E+01	5.91E+00	2.22E+01	3.71E+00
3.19E+01	8.83E+00	2.22E+01	5.54E+00
3.19E+01	1.17E+01	2.20E+01	7.34E+00
3.19E+01	1.45E+01	2.18E+01	9.10E+00
3.19E+01	1.73E+01	2.16E+01	1.08E+01
3.19E+01	1.99E+01	2.14E+01	1.25E+01
3.19E+01	2.25E+01	2.12E+01	1.41E+01
3.19E+01	2.50E+01	2.09E+01	1.57E+01
3.19E+01	2.74E+01	2.06E+01	1.72E+01
3.19E+01	2.97E+01	2.04E+01	1.87E+01
3.19E+01	3.19E+01	2.02E+01	2.02E+01
3.19E+01	3.39E+01	1.99E+01	2.16E+01
3.19E+01	3.59E+01	1.98E+01	2.30E+01
3.19E+01	3.78E+01	1.96E+01	2.44E+01
3.19E+01	3.96E+01	1.93E+01	2.58E+01
3.19E+01	4.14E+01	1.90E+01	2.70E+01
3.19E+01	4.30E+01	1.86E+01	2.79E+01
3.19E+01	4.60E+01	1.46E+01	2.44E+01
3.39E+01	-4.45E+01	1.75E+01	-2.57E+01
3.39E+01	-4.30E+01	1.96E+01	-2.72E+01
3.39E+01	-4.14E+01	2.03E+01	-2.66E+01
3.39E+01	-3.96E+01	2.07E+01	-2.54E+01
3.39E+01	-3.78E+01	2.10E+01	-2.42E+01
3.39E+01	-3.59E+01	2.12E+01	-2.28E+01
3.39E+01	-3.39E+01	2.14E+01	-2.14E+01
3.39E+01	-3.19E+01	2.16E+01	-1.99E+01
3.39E+01	-2.97E+01	2.18E+01	-1.85E+01
3.39E+01	-2.74E+01	2.20E+01	-1.69E+01
3.39E+01	-2.50E+01	2.23E+01	-1.54E+01
3.39E+01	-2.25E+01	2.25E+01	-1.39E+01
3.39E+01	-1.99E+01	2.28E+01	-1.23E+01
3.39E+01	-1.73E+01	2.30E+01	-1.06E+01
3.39E+01	-1.45E+01	2.32E+01	-8.91E+00
3.39E+01	-1.17E+01	2.33E+01	-7.18E+00
3.39E+01	-8.83E+00	2.35E+01	-5.42E+00
3.39E+01	-5.91E+00	2.36E+01	-3.63E+00
3.39E+01	-2.96E+00	2.36E+01	-1.82E+00
3.39E+01	0.00E+00	2.37E+01	0.00E+00
3.39E+01	2.96E+00	2.36E+01	1.82E+00
3.39E+01	5.91E+00	2.36E+01	3.63E+00
3.39E+01	8.83E+00	2.35E+01	5.42E+00
3.39E+01	1.17E+01	2.33E+01	7.18E+00
3.39E+01	1.45E+01	2.32E+01	8.91E+00
3.39E+01	1.73E+01	2.30E+01	1.06E+01
3.39E+01	1.99E+01	2.28E+01	1.23E+01
3.39E+01	2.25E+01	2.25E+01	1.39E+01
3.39E+01	2.50E+01	2.23E+01	1.54E+01
3.39E+01	2.74E+01	2.20E+01	1.69E+01
3.39E+01	2.97E+01	2.18E+01	1.85E+01
3.39E+01	3.19E+01	2.16E+01	1.99E+01
3.39E+01	3.39E+01	2.14E+01	2.14E+01
3.39E+01	3.59E+01	2.12E+01	2.28E+01
3.39E+01	3.78E+01	2.10E+01	2.42E+01
3.39E+01	3.96E+01	2.07E+01	2.54E+01
3.39E+01	4.14E+01	2.03E+01	2.66E+01
3.39E+01	4.30E+01	1.96E+01	2.72E+01
3.39E+01	4.45E+01	1.75E+01	2.57E+01
3.59E+01	-4.30E+01	1.98E+01	-2.55E+01
3.59E+01	-4.14E+01	2.13E+01	-2.59E+01
3.59E+01	-3.96E+01	2.18E+01	-2.49E+01
3.59E+01	-3.78E+01	2.23E+01	-2.39E+01
3.59E+01	-3.59E+01	2.26E+01	-2.26E+01
3.59E+01	-3.39E+01	2.28E+01	-2.12E+01
3.59E+01	-3.19E+01	2.30E+01	-1.98E+01
3.59E+01	-2.97E+01	2.32E+01	-1.83E+01
3.59E+01	-2.74E+01	2.34E+01	-1.67E+01
3.59E+01	-2.50E+01	2.36E+01	-1.52E+01
3.59E+01	-2.25E+01	2.38E+01	-1.36E+01
3.59E+01	-1.99E+01	2.41E+01	-1.20E+01
3.59E+01	-1.73E+01	2.43E+01	-1.04E+01
3.59E+01	-1.45E+01	2.44E+01	-8.73E+00
3.59E+01	-1.17E+01	2.46E+01	-7.03E+00
3.59E+01	-8.83E+00	2.47E+01	-5.30E+00
3.59E+01	-5.91E+00	2.48E+01	-3.55E+00
3.59E+01	-2.96E+00	2.49E+01	-1.78E+00
3.59E+01	0.00E+00	2.49E+01	0.00E+00
3.59E+01	2.96E+00	2.49E+01	1.78E+00
3.59E+01	5.91E+00	2.48E+01	3.55E+00
3.59E+01	8.83E+00	2.47E+01	5.30E+00
3.59E+01	1.17E+01	2.46E+01	7.03E+00
3.59E+01	1.45E+01	2.44E+01	8.73E+00
3.59E+01	1.73E+01	2.43E+01	1.04E+01
3.59E+01	1.99E+01	2.41E+01	1.20E+01
3.59E+01	2.25E+01	2.38E+01	1.36E+01
3.59E+01	2.50E+01	2.36E+01	1.52E+01
3.59E+01	2.74E+01	2.34E+01	1.67E+01
3.59E+01	2.97E+01	2.32E+01	1.83E+01
3.59E+01	3.19E+01	2.30E+01	1.98E+01
3.59E+01	3.39E+01	2.28E+01	2.12E+01
3.59E+01	3.59E+01	2.26E+01	2.26E+01
3.59E+01	3.78E+01	2.23E+01	2.39E+01
3.59E+01	3.96E+01	2.18E+01	2.49E+01
3.59E+01	4.14E+01	2.13E+01	2.59E+01
3.59E+01	4.30E+01	1.98E+01	2.55E+01
3.78E+01	-4.30E+01	1.61E+01	-1.94E+01
3.78E+01	-4.14E+01	2.16E+01	-2.45E+01
3.78E+01	-3.78E+01	2.34E+01	-2.34E+01
3.78E+01	-3.59E+01	2.39E+01	-2.23E+01
3.78E+01	-3.39E+01	2.42E+01	-2.10E+01
3.78E+01	-3.19E+01	2.44E+01	-1.96E+01
3.78E+01	-2.97E+01	2.46E+01	-1.81E+01
3.78E+01	-2.74E+01	2.48E+01	-1.65E+01
3.78E+01	-2.50E+01	2.50E+01	-1.50E+01
3.78E+01	-2.25E+01	2.52E+01	-1.34E+01
3.78E+01	-1.99E+01	2.54E+01	-1.18E+01
3.78E+01	-1.73E+01	2.55E+01	-1.02E+01
3.78E+01	-1.45E+01	2.57E+01	-8.56E+00
3.78E+01	-1.17E+01	2.58E+01	-6.89E+00
3.78E+01	-8.83E+00	2.60E+01	-5.19E+00
3.78E+01	-5.91E+00	2.60E+01	-3.47E+00
3.78E+01	-2.96E+00	2.61E+01	-1.74E+00
3.78E+01	0.00E+00	2.61E+01	0.00E+00
3.78E+01	2.96E+00	2.61E+01	1.74E+00
3.78E+01	5.91E+00	2.60E+01	3.47E+00
3.78E+01	8.83E+00	2.60E+01	5.19E+00
3.78E+01	1.17E+01	2.58E+01	6.89E+00
3.78E+01	1.45E+01	2.57E+01	8.56E+00
3.78E+01	1.73E+01	2.55E+01	1.02E+01
3.78E+01	1.99E+01	2.54E+01	1.18E+01
3.78E+01	2.25E+01	2.52E+01	1.34E+01
3.78E+01	2.50E+01	2.50E+01	1.50E+01
3.78E+01	2.74E+01	2.48E+01	1.65E+01
3.78E+01	2.97E+01	2.46E+01	1.81E+01
3.78E+01	3.19E+01	2.44E+01	1.96E+01
3.78E+01	3.39E+01	2.42E+01	2.10E+01
3.78E+01	3.59E+01	2.39E+01	2.23E+01
3.78E+01	3.78E+01	2.34E+01	2.34E+01
3.78E+01	4.14E+01	2.16E+01	2.45E+01
3.78E+01	4.30E+01	1.61E+01	1.94E+01
3.96E+01	-4.14E+01	1.89E+01	-2.01E+01
3.96E+01	-3.96E+01	2.08E+01	-2.08E+01
3.96E+01	-3.59E+01	2.49E+01	-2.18E+01
3.96E+01	-3.39E+01	2.54E+01	-2.07E+01
3.96E+01	-3.19E+01	2.58E+01	-1.93E+01
3.96E+01	-2.97E+01	2.60E+01	-1.79E+01
3.96E+01	-2.74E+01	2.62E+01	-1.64E+01
3.96E+01	-2.50E+01	2.64E+01	-1.48E+01
3.96E+01	-2.25E+01	2.65E+01	-1.33E+01
3.96E+01	-1.99E+01	2.67E+01	-1.17E+01
3.96E+01	-1.73E+01	2.68E+01	-1.01E+01
3.96E+01	-1.45E+01	2.70E+01	-8.42E+00
3.96E+01	-1.17E+01	2.71E+01	-6.77E+00
3.96E+01	-8.83E+00	2.72E+01	-5.10E+00
3.96E+01	-5.91E+00	2.72E+01	-3.41E+00
3.96E+01	-2.96E+00	2.73E+01	-1.71E+00
3.96E+01	0.00E+00	2.73E+01	0.00E+00
3.96E+01	2.96E+00	2.73E+01	1.71E+00
3.96E+01	5.91E+00	2.72E+01	3.41E+00
3.96E+01	8.83E+00	2.72E+01	5.10E+00
3.96E+01	1.17E+01	2.71E+01	6.77E+00
3.96E+01	1.45E+01	2.70E+01	8.42E+00
3.96E+01	1.73E+01	2.68E+01	1.01E+01
3.96E+01	1.99E+01	2.67E+01	1.17E+01
3.96E+01	2.25E+01	2.65E+01	1.33E+01
3.96E+01	2.50E+01	2.64E+01	1.48E+01
3.96E+01	2.74E+01	2.62E+01	1.64E+01
3.96E+01	2.97E+01	2.60E+01	1.79E+01
3.96E+01	3.19E+01	2.58E+01	1.93E+01
3.96E+01	3.39E+01	2.54E+01	2.07E+01
3.96E+01	3.59E+01	2.49E+01	2.18E+01
3.96E+01	3.96E+01	2.08E+01	2.08E+01
3.96E+01	4.14E+01	1.89E+01	2.01E+01
4.14E+01	-3.78E+01	2.18E+01	-1.92E+01
4.14E+01	-3.39E+01	2.63E+01	-2.01E+01
4.14E+01	-3.19E+01	2.69E+01	-1.90E+01
4.14E+01	-2.97E+01	2.72E+01	-1.76E+01
4.14E+01	-2.74E+01	2.75E+01	-1.62E+01
4.14E+01	-2.50E+01	2.77E+01	-1.47E+01
4.14E+01	-2.25E+01	2.79E+01	-1.31E+01
4.14E+01	-1.99E+01	2.80E+01	-1.15E+01
4.14E+01	-1.73E+01	2.81E+01	-9.93E+00
4.14E+01	-1.45E+01	2.82E+01	-8.31E+00
4.14E+01	-1.17E+01	2.83E+01	-6.67E+00
4.14E+01	-8.83E+00	2.84E+01	-5.02E+00
4.14E+01	-5.91E+00	2.85E+01	-3.35E+00
4.14E+01	-2.96E+00	2.85E+01	-1.68E+00
4.14E+01	0.00E+00	2.85E+01	0.00E+00
4.14E+01	2.96E+00	2.85E+01	1.68E+00
4.14E+01	5.91E+00	2.85E+01	3.35E+00
4.14E+01	8.83E+00	2.84E+01	5.02E+00
4.14E+01	1.17E+01	2.83E+01	6.67E+00
4.14E+01	1.45E+01	2.82E+01	8.31E+00
4.14E+01	1.73E+01	2.81E+01	9.93E+00
4.14E+01	1.99E+01	2.80E+01	1.15E+01
4.14E+01	2.25E+01	2.79E+01	1.31E+01
4.14E+01	2.50E+01	2.77E+01	1.47E+01
4.14E+01	2.74E+01	2.75E+01	1.62E+01
4.14E+01	2.97E+01	2.72E+01	1.76E+01
4.14E+01	3.19E+01	2.69E+01	1.90E+01
4.14E+01	3.39E+01	2.63E+01	2.01E+01
4.14E+01	3.78E+01	2.18E+01	1.92E+01
4.30E+01	-3.59E+01	2.15E+01	-1.67E+01
4.30E+01	-3.39E+01	2.62E+01	-1.89E+01
4.30E+01	-3.19E+01	2.76E+01	-1.84E+01
4.30E+01	-2.97E+01	2.82E+01	-1.73E+01
4.30E+01	-2.74E+01	2.86E+01	-1.59E+01
4.30E+01	-2.50E+01	2.89E+01	-1.45E+01
4.30E+01	-2.25E+01	2.91E+01	-1.29E+01
4.30E+01	-1.99E+01	2.93E+01	-1.14E+01
4.30E+01	-1.73E+01	2.94E+01	-9.81E+00
4.30E+01	-1.45E+01	2.95E+01	-8.20E+00
4.30E+01	-1.17E+01	2.96E+01	-6.58E+00
4.30E+01	-8.83E+00	2.97E+01	-4.95E+00
4.30E+01	-5.91E+00	2.98E+01	-3.31E+00
4.30E+01	-2.96E+00	2.98E+01	-1.65E+00
4.30E+01	0.00E+00	2.98E+01	0.00E+00
4.30E+01	2.96E+00	2.98E+01	1.65E+00
4.30E+01	5.91E+00	2.98E+01	3.31E+00
4.30E+01	8.83E+00	2.97E+01	4.95E+00
4.30E+01	1.17E+01	2.96E+01	6.58E+00
4.30E+01	1.45E+01	2.95E+01	8.20E+00
4.30E+01	1.73E+01	2.94E+01	9.81E+00
4.30E+01	1.99E+01	2.93E+01	1.14E+01
4.30E+01	2.25E+01	2.91E+01	1.29E+01
4.30E+01	2.50E+01	2.89E+01	1.45E+01
4.30E+01	2.74E+01	2.86E+01	1.59E+01
4.30E+01	2.97E+01	2.82E+01	1.73E+01
4.30E+01	3.19E+01	2.76E+01	1.84E+01
4.30E+01	3.39E+01	2.62E+01	1.89E+01
4.30E+01	3.59E+01	2.15E+01	1.67E+01
4.45E+01	-3.19E+01	2.60E+01	-1.64E+01
4.45E+01	-2.74E+01	2.93E+01	-1.54E+01
4.45E+01	-2.50E+01	2.99E+01	-1.41E+01
4.45E+01	-2.25E+01	3.02E+01	-1.27E+01
4.45E+01	-1.99E+01	3.04E+01	-1.12E+01
4.45E+01	-1.73E+01	3.06E+01	-9.67E+00
4.45E+01	-1.45E+01	3.08E+01	-8.10E+00
4.45E+01	-1.17E+01	3.09E+01	-6.50E+00
4.45E+01	-8.83E+00	3.09E+01	-4.89E+00
4.45E+01	-5.91E+00	3.10E+01	-3.26E+00
4.45E+01	-2.96E+00	3.10E+01	-1.63E+00
4.45E+01	0.00E+00	3.10E+01	0.00E+00
4.45E+01	2.96E+00	3.10E+01	1.63E+00
4.45E+01	5.91E+00	3.10E+01	3.26E+00
4.45E+01	8.83E+00	3.09E+01	4.89E+00
4.45E+01	1.17E+01	3.09E+01	6.50E+00
4.45E+01	1.45E+01	3.08E+01	8.10E+00
4.45E+01	1.73E+01	3.06E+01	9.67E+00
4.45E+01	1.99E+01	3.04E+01	1.12E+01
4.45E+01	2.25E+01	3.02E+01	1.27E+01
4.45E+01	2.50E+01	2.99E+01	1.41E+01
4.45E+01	2.74E+01	2.93E+01	1.54E+01
4.45E+01	3.19E+01	2.60E+01	1.64E+01
4.60E+01	-2.97E+01	2.01E+01	-1.11E+01
4.60E+01	-2.74E+01	2.82E+01	-1.41E+01
4.60E+01	-2.25E+01	3.08E+01	-1.23E+01
4.60E+01	-1.99E+01	3.13E+01	-1.09E+01
4.60E+01	-1.73E+01	3.16E+01	-9.47E+00
4.60E+01	-1.45E+01	3.18E+01	-7.95E+00
4.60E+01	-1.17E+01	3.20E+01	-6.39E+00
4.60E+01	-8.83E+00	3.21E+01	-4.81E+00
4.60E+01	-5.91E+00	3.21E+01	-3.21E+00
4.60E+01	-2.96E+00	3.22E+01	-1.61E+00
4.60E+01	0.00E+00	3.22E+01	0.00E+00
4.60E+01	2.96E+00	3.22E+01	1.61E+00
4.60E+01	5.91E+00	3.21E+01	3.21E+00
4.60E+01	8.83E+00	3.21E+01	4.81E+00
4.60E+01	1.17E+01	3.20E+01	6.39E+00
4.60E+01	1.45E+01	3.18E+01	7.95E+00
4.60E+01	1.73E+01	3.16E+01	9.47E+00
4.60E+01	1.99E+01	3.13E+01	1.09E+01
4.60E+01	2.25E+01	3.08E+01	1.23E+01
4.60E+01	2.74E+01	2.82E+01	1.41E+01
4.60E+01	2.97E+01	2.01E+01	1.11E+01
